0 0.404672 0.370937 0.007035 0.010563
0 0.403950 0.492551 0.007756 0.011105
0 0.424513 0.420775 0.007395 0.011105
0 0.639159 0.663732 0.007395 0.011105
0 0.448232 0.461132 0.007215 0.011105
0 0.430736 0.503250 0.007576 0.011376
0 0.420545 0.430661 0.007395 0.011376
0 0.404311 0.473321 0.007395 0.011105
0 0.658279 0.614572 0.007756 0.011376
0 0.642136 0.653034 0.007215 0.010834
0 0.408099 0.360915 0.007035 0.011105
0 0.447511 0.399106 0.007576 0.011105
0 0.635823 0.674567 0.007215 0.011647
0 0.400703 0.360780 0.007035 0.010834
0 0.385823 0.420098 0.007576 0.010834
0 0.585588 0.497291 0.007395 0.011376
0 0.424603 0.482665 0.007215 0.011376
0 0.705087 0.520450 0.007215 0.011647
0 0.420545 0.388814 0.007395 0.011105
0 0.605519 0.643960 0.007215 0.011647
0 0.497565 0.485645 0.007035 0.010834
0 0.420184 0.491468 0.007395 0.011105
0 0.411706 0.472914 0.007756 0.011376
0 0.573954 0.506094 0.007576 0.011105
0 0.401335 0.380417 0.006854 0.010022
0 0.408460 0.463028 0.007395 0.011105
0 0.397637 0.370531 0.007035 0.010834
0 0.610480 0.732801 0.007756 0.010563
0 0.590639 0.645585 0.007395 0.011647
0 0.484037 0.354686 0.007395 0.011647
0 0.424333 0.378386 0.007395 0.010834
0 0.312229 0.345883 0.007215 0.010834
0 0.515242 0.627302 0.007756 0.010834
0 0.400613 0.463841 0.007576 0.011105
0 0.672709 0.572996 0.007756 0.011105
0 0.445256 0.532232 0.007756 0.011376
0 0.467893 0.410482 0.007215 0.011105
0 0.393218 0.398971 0.007576 0.011376
0 0.575397 0.405471 0.006854 0.010834
0 0.444715 0.575298 0.007395 0.010834
0 0.622565 0.702871 0.007395 0.011376
0 0.482233 0.365249 0.007035 0.010563
0 0.434885 0.492551 0.007215 0.011105
0 0.451299 0.471154 0.007215 0.011105
0 0.478355 0.613082 0.007576 0.011105
0 0.455447 0.440683 0.007576 0.011376
0 0.514881 0.456934 0.007756 0.010834
0 0.634560 0.714112 0.007215 0.010563
0 0.408009 0.482936 0.007576 0.011376
0 0.615440 0.665899 0.007576 0.011647
0 0.510462 0.474810 0.007215 0.011376
0 0.494048 0.506094 0.006854 0.011105
0 0.631584 0.662920 0.007395 0.011105
0 0.643128 0.673483 0.007395 0.010563
0 0.654852 0.644637 0.007395 0.010293
0 0.662247 0.604415 0.007756 0.011647
0 0.571699 0.707205 0.007395 0.011376
0 0.410444 0.615114 0.007395 0.011376
0 0.447150 0.481040 0.007215 0.011376
0 0.475740 0.410482 0.007035 0.011105
0 0.436237 0.345748 0.007395 0.011105
0 0.451840 0.450975 0.007576 0.011376
0 0.412698 0.491333 0.007576 0.010834
0 0.568543 0.797806 0.007937 0.011647
0 0.451389 0.389491 0.007035 0.010834
0 0.420996 0.472914 0.007576 0.011376
0 0.319535 0.347237 0.007035 0.010834
0 0.605159 0.510970 0.007576 0.011647
0 0.531115 0.632855 0.007395 0.011647
0 0.642587 0.407909 0.007395 0.011376
0 0.502886 0.476029 0.007215 0.011105
0 0.592172 0.453548 0.007215 0.011105
0 0.412698 0.368906 0.007576 0.011376
0 0.382215 0.430796 0.007215 0.011105
0 0.471411 0.615249 0.007395 0.011105
0 0.632305 0.467226 0.007395 0.011376
0 0.618236 0.655471 0.007395 0.011376
0 0.396645 0.573808 0.007215 0.011105
0 0.628427 0.644637 0.007576 0.011376
0 0.593795 0.656961 0.007576 0.011647
0 0.654762 0.625271 0.007576 0.011647
0 0.626984 0.712216 0.007576 0.011105
0 0.471591 0.420098 0.007395 0.010834
0 0.347403 0.483342 0.007576 0.011105
0 0.373737 0.493770 0.007576 0.011376
0 0.490981 0.528575 0.007576 0.011105
0 0.661977 0.583424 0.007937 0.011918
0 0.447691 0.521668 0.007215 0.010834
0 0.373016 0.350758 0.007576 0.010834
0 0.445617 0.501219 0.007395 0.011105
0 0.608856 0.500813 0.007395 0.011376
0 0.625722 0.654930 0.007215 0.011376
0 0.631313 0.682692 0.007576 0.010563
0 0.450126 0.492281 0.007395 0.011105
0 0.578463 0.447725 0.007576 0.011376
0 0.413871 0.604957 0.007395 0.011647
0 0.622565 0.664680 0.007035 0.010834
0 0.495220 0.518012 0.007395 0.011105
0 0.655664 0.463976 0.007215 0.011376
0 0.554563 0.450027 0.007395 0.011105
0 0.593164 0.476029 0.007395 0.011647
0 0.668651 0.562297 0.007576 0.011376
0 0.493957 0.440141 0.007395 0.011376
0 0.400253 0.482936 0.007576 0.011376
0 0.545094 0.342633 0.007215 0.010834
0 0.638167 0.495937 0.007215 0.011376
0 0.457522 0.495937 0.007035 0.011376
0 0.649982 0.653711 0.007756 0.011105
0 0.449675 0.585320 0.007215 0.011376
0 0.591540 0.702871 0.007035 0.010834
0 0.630321 0.702059 0.007756 0.011376
0 0.530393 0.821912 0.007395 0.011647
0 0.631043 0.437839 0.007395 0.011647
0 0.435606 0.389355 0.007576 0.011647
0 0.669643 0.583559 0.007756 0.011647
0 0.591270 0.558505 0.007576 0.011376
0 0.416396 0.481988 0.007756 0.010563
0 0.388438 0.493364 0.007756 0.011105
0 0.581439 0.353332 0.007756 0.011105
0 0.627976 0.447860 0.007035 0.011105
0 0.373737 0.473862 0.007576 0.011647
0 0.378608 0.440547 0.007937 0.011105
0 0.392947 0.584372 0.007395 0.011647
0 0.539953 0.351706 0.007756 0.011647
0 0.439755 0.399106 0.007576 0.011105
0 0.671627 0.381230 0.007756 0.011105
0 0.381403 0.576246 0.007395 0.011647
0 0.524260 0.662378 0.007756 0.011647
0 0.645833 0.643689 0.007395 0.010563
0 0.474206 0.603467 0.007576 0.011918
0 0.596952 0.465872 0.007756 0.011376
0 0.409361 0.379605 0.007395 0.011105
0 0.578102 0.496885 0.007215 0.011647
0 0.677670 0.373510 0.007576 0.010834
0 0.582161 0.485780 0.007395 0.011647
0 0.416667 0.421046 0.007576 0.011105
0 0.402868 0.595477 0.007756 0.011647
0 0.511454 0.446641 0.007395 0.010834
0 0.427489 0.492822 0.007215 0.011105
0 0.558532 0.461403 0.007395 0.011647
0 0.608947 0.480769 0.007215 0.011376
0 0.598214 0.646533 0.007395 0.011376
0 0.429654 0.533586 0.007576 0.011376
0 0.405483 0.389491 0.007215 0.010834
0 0.672709 0.551598 0.007756 0.011647
0 0.423250 0.502979 0.007756 0.011376
0 0.528860 0.673348 0.007576 0.011376
0 0.658730 0.635970 0.007215 0.010834
0 0.554022 0.490520 0.007395 0.011376
0 0.578102 0.474133 0.007576 0.011647
0 0.416216 0.463705 0.007395 0.011376
0 0.557900 0.417660 0.007576 0.010834
0 0.530844 0.600352 0.007215 0.011647
0 0.499459 0.496208 0.007215 0.011376
0 0.432900 0.523835 0.007215 0.011918
0 0.498196 0.430525 0.007576 0.011647
0 0.491522 0.352113 0.007576 0.011376
0 0.416937 0.522616 0.007756 0.011647
0 0.444084 0.470883 0.007215 0.010563
0 0.542208 0.661836 0.007576 0.011647
0 0.440115 0.460997 0.007576 0.010834
0 0.392767 0.483207 0.007395 0.010834
0 0.506223 0.684724 0.007395 0.011376
0 0.350469 0.347779 0.007215 0.010834
0 0.338925 0.484426 0.007937 0.011647
0 0.413149 0.389491 0.007395 0.010834
0 0.573773 0.353602 0.007576 0.011105
0 0.452291 0.506230 0.007395 0.011918
0 0.484758 0.462622 0.007756 0.011918
0 0.392677 0.564057 0.007576 0.011647
0 0.526335 0.328548 0.007576 0.010834
0 0.549964 0.439193 0.007576 0.011647
0 0.581981 0.507719 0.007395 0.011647
0 0.521735 0.356717 0.007395 0.011376
0 0.706981 0.476706 0.007756 0.011376
0 0.624820 0.635157 0.007576 0.011376
0 0.448142 0.564193 0.007395 0.011918
0 0.647006 0.663732 0.007215 0.010563
0 0.617785 0.431473 0.007576 0.011376
0 0.575848 0.841008 0.007395 0.011376
0 0.350018 0.514085 0.007395 0.010834
0 0.476371 0.525867 0.007215 0.011105
0 0.727904 0.384480 0.007395 0.011105
0 0.479076 0.420910 0.007215 0.011376
0 0.589737 0.486728 0.007395 0.011376
0 0.402958 0.616197 0.007576 0.011376
0 0.479437 0.400460 0.007215 0.011105
0 0.527507 0.958153 0.007035 0.011105
0 0.545635 0.470748 0.007576 0.011376
0 0.665945 0.593987 0.007576 0.011376
0 0.458965 0.389491 0.007395 0.010834
0 0.444084 0.620125 0.007576 0.012189
0 0.455177 0.399242 0.007395 0.010834
0 0.568452 0.516928 0.007395 0.011647
0 0.420364 0.368906 0.007395 0.011376
0 0.353716 0.503927 0.007576 0.011647
0 0.442821 0.491062 0.007215 0.011376
0 0.483586 0.836538 0.007576 0.011647
0 0.580538 0.830715 0.007395 0.011918
0 0.369859 0.484020 0.007756 0.011376
0 0.634650 0.652086 0.007395 0.011105
0 0.466540 0.605905 0.007756 0.012459
0 0.393038 0.502438 0.007576 0.010834
0 0.508207 0.436620 0.007395 0.010834
0 0.720328 0.404523 0.007756 0.011647
0 0.664683 0.571506 0.007576 0.010834
0 0.554654 0.428900 0.007576 0.011647
0 0.625812 0.692308 0.007395 0.011376
0 0.389520 0.429713 0.007395 0.011105
0 0.607323 0.664951 0.007576 0.011376
0 0.562049 0.450298 0.007215 0.011647
0 0.377886 0.483478 0.007576 0.011376
0 0.396014 0.473592 0.007756 0.011647
0 0.415855 0.501490 0.007395 0.011647
0 0.397367 0.389626 0.007215 0.010563
0 0.702922 0.445693 0.007215 0.011105
0 0.425234 0.524242 0.007756 0.011647
0 0.447060 0.357530 0.007395 0.011376
0 0.679563 0.492551 0.007395 0.011105
0 0.339196 0.463164 0.007035 0.010834
0 0.396374 0.492958 0.007395 0.010834
0 0.393218 0.544150 0.007576 0.011376
0 0.521104 0.429307 0.007576 0.011376
0 0.388979 0.574756 0.007756 0.011376
0 0.451659 0.430119 0.007576 0.011376
0 0.389250 0.350488 0.007215 0.011376
0 0.530574 0.465737 0.007395 0.011105
0 0.650343 0.615249 0.007395 0.011105
0 0.646735 0.625406 0.007756 0.011376
0 0.574405 0.484561 0.007395 0.011376
0 0.507666 0.532638 0.007395 0.011105
0 0.536887 0.430119 0.007395 0.011376
0 0.561869 0.471831 0.007576 0.011376
0 0.602814 0.654117 0.007215 0.010834
0 0.650613 0.454632 0.007937 0.011647
0 0.412608 0.453548 0.007756 0.011647
0 0.457161 0.585184 0.007395 0.011647
0 0.651786 0.564870 0.007395 0.010563
0 0.480700 0.516928 0.007215 0.011105
0 0.508748 0.696506 0.007395 0.011647
0 0.438222 0.502302 0.007035 0.011105
0 0.529311 0.430661 0.007395 0.010834
0 0.627976 0.673077 0.008117 0.010834
0 0.562320 0.427275 0.007395 0.011647
0 0.531295 0.756230 0.007395 0.010834
0 0.362284 0.462486 0.007395 0.010563
0 0.453283 0.529659 0.007215 0.011105
0 0.707882 0.509886 0.007395 0.011647
0 0.516685 0.438109 0.007395 0.011647
0 0.580447 0.415087 0.007576 0.011647
0 0.416486 0.441766 0.007576 0.011376
0 0.654040 0.605363 0.007937 0.011918
0 0.477363 0.591956 0.007035 0.011105
0 0.549874 0.500135 0.007395 0.011105
0 0.542298 0.459236 0.007756 0.011647
0 0.410263 0.595341 0.007395 0.011918
0 0.605249 0.490655 0.007395 0.011105
0 0.571609 0.685807 0.007576 0.011376
0 0.432179 0.356446 0.007576 0.011376
0 0.568182 0.649377 0.007576 0.011647
0 0.416847 0.379605 0.007215 0.011105
0 0.631223 0.500948 0.007395 0.011105
0 0.389159 0.554307 0.007395 0.011105
0 0.584325 0.701111 0.007395 0.011105
0 0.400343 0.583965 0.007395 0.011376
0 0.635101 0.692308 0.007215 0.010834
0 0.571429 0.786701 0.007215 0.011105
0 0.459776 0.409399 0.007576 0.011647
0 0.463113 0.440547 0.007395 0.011105
0 0.533369 0.419150 0.007215 0.011647
0 0.725198 0.414139 0.007756 0.010834
0 0.406205 0.605769 0.007576 0.011647
0 0.398990 0.605634 0.007215 0.011376
0 0.343074 0.473998 0.007576 0.011918
0 0.581981 0.341143 0.007035 0.010563
0 0.494679 0.608478 0.007395 0.011647
0 0.513077 0.427952 0.007395 0.011376
0 0.434704 0.609020 0.007576 0.012189
0 0.513979 0.687297 0.007756 0.011647
0 0.362825 0.442037 0.007756 0.010293
0 0.662698 0.626354 0.007576 0.011647
0 0.421356 0.513678 0.007576 0.011105
0 0.558171 0.481446 0.007756 0.011105
0 0.370130 0.463299 0.007215 0.011105
0 0.537969 0.468852 0.007395 0.011376
0 0.326930 0.315005 0.007395 0.011376
0 0.546988 0.450163 0.007395 0.011376
0 0.500271 0.465195 0.007395 0.011105
0 0.667749 0.636918 0.007576 0.011105
0 0.381043 0.493093 0.007035 0.011105
0 0.423431 0.584778 0.007756 0.011376
0 0.614809 0.702465 0.007395 0.011647
0 0.400253 0.563787 0.007576 0.011647
0 0.578824 0.788191 0.007576 0.011376
0 0.597493 0.511511 0.007395 0.011647
0 0.504870 0.486863 0.007215 0.010563
0 0.323142 0.358342 0.007395 0.010834
0 0.511995 0.571371 0.007395 0.010563
0 0.632305 0.633667 0.007395 0.011647
0 0.384289 0.359967 0.007035 0.010834
0 0.480069 0.825975 0.007395 0.011105
0 0.631133 0.725352 0.007215 0.010834
0 0.639520 0.684453 0.007756 0.011376
0 0.440025 0.480905 0.007035 0.010563
0 0.549784 0.706121 0.007215 0.011376
0 0.486472 0.420504 0.007215 0.011105
0 0.584957 0.454496 0.007215 0.010834
0 0.550866 0.577736 0.007576 0.011376
0 0.631313 0.579090 0.007937 0.011918
0 0.463654 0.617010 0.007395 0.011376
0 0.565206 0.718716 0.007756 0.011647
0 0.384830 0.565005 0.007756 0.011918
0 0.443362 0.388949 0.007576 0.011918
0 0.618146 0.607801 0.007215 0.011376
0 0.601461 0.634480 0.007395 0.011647
0 0.610480 0.654930 0.007395 0.011918
0 0.501082 0.506907 0.007215 0.011105
0 0.511544 0.672535 0.007215 0.011918
0 0.490260 0.430255 0.007215 0.011105
0 0.395833 0.594800 0.007035 0.011376
0 0.628698 0.559453 0.007395 0.011105
0 0.564304 0.808505 0.007395 0.011918
0 0.581349 0.464112 0.007576 0.011105
0 0.573232 0.626896 0.007215 0.011105
0 0.662969 0.645585 0.007395 0.010563
0 0.395473 0.616468 0.007395 0.011376
0 0.622475 0.517470 0.007576 0.011105
0 0.473395 0.633803 0.007756 0.011918
0 0.457882 0.540764 0.007395 0.011647
0 0.482594 0.430932 0.007395 0.011376
0 0.393218 0.463028 0.007215 0.010563
0 0.515422 0.529117 0.007035 0.011647
0 0.714466 0.435943 0.007215 0.011105
0 0.620851 0.421316 0.007937 0.011105
0 0.704545 0.499323 0.007576 0.011647
0 0.610660 0.609697 0.007756 0.011918
0 0.463203 0.465195 0.007576 0.011105
0 0.570707 0.494718 0.007215 0.011105
0 0.397367 0.453413 0.007576 0.011918
0 0.635642 0.621885 0.007215 0.011376
0 0.623286 0.506501 0.007395 0.011376
0 0.607955 0.621479 0.007395 0.011105
0 0.396735 0.554036 0.007395 0.011105
0 0.454636 0.596560 0.007756 0.011105
0 0.710317 0.445829 0.007215 0.010834
0 0.332161 0.463841 0.007395 0.011105
0 0.384470 0.502979 0.007395 0.011376
0 0.345689 0.315953 0.008117 0.011105
0 0.599657 0.665764 0.007395 0.011376
0 0.650613 0.634886 0.007576 0.011376
0 0.624639 0.471154 0.007215 0.011105
0 0.388979 0.409940 0.007395 0.011105
0 0.634470 0.427546 0.007035 0.011105
0 0.525343 0.566901 0.007395 0.010834
0 0.571068 0.469258 0.007576 0.011647
0 0.517767 0.638678 0.007756 0.011376
0 0.595509 0.548754 0.007395 0.010834
0 0.646104 0.605769 0.007215 0.011105
0 0.588294 0.444339 0.007395 0.011105
0 0.569895 0.448402 0.007756 0.011647
0 0.520112 0.448267 0.007395 0.011376
0 0.608045 0.449079 0.007215 0.011376
0 0.483135 0.410482 0.007035 0.011105
0 0.616703 0.500948 0.007576 0.012189
0 0.555014 0.508397 0.007215 0.011376
0 0.484217 0.539274 0.007395 0.011918
0 0.518939 0.674431 0.007937 0.011918
0 0.404040 0.573537 0.007576 0.011105
0 0.604347 0.464247 0.007035 0.011376
0 0.436688 0.620802 0.007215 0.011376
0 0.432179 0.482259 0.007576 0.011105
0 0.345689 0.504605 0.007756 0.011376
0 0.628608 0.624187 0.007215 0.011647
0 0.376804 0.360915 0.007215 0.011105
0 0.552128 0.631501 0.007937 0.011105
0 0.638077 0.641928 0.007395 0.011376
0 0.483586 0.527763 0.007576 0.011105
0 0.350018 0.494177 0.007035 0.011105
0 0.487915 0.518418 0.007215 0.011918
0 0.714827 0.479415 0.007215 0.010834
0 0.573954 0.438922 0.007215 0.011105
0 0.401696 0.398564 0.007215 0.010563
0 0.539412 0.448267 0.007756 0.011376
0 0.535173 0.740520 0.007576 0.011376
0 0.567821 0.479280 0.007215 0.011105
0 0.574224 0.340601 0.007395 0.012189
0 0.638077 0.398971 0.007395 0.010834
0 0.499639 0.351165 0.007937 0.011647
0 0.671627 0.626625 0.007395 0.011105
0 0.568272 0.697048 0.007395 0.011647
0 0.564755 0.365791 0.007937 0.011647
0 0.366252 0.453277 0.007395 0.011105
0 0.428120 0.367958 0.007395 0.011105
0 0.527417 0.863489 0.007215 0.011376
0 0.428752 0.472237 0.007576 0.011105
0 0.535354 0.537649 0.006854 0.010834
0 0.498647 0.527763 0.007756 0.011105
0 0.362644 0.317579 0.007395 0.011647
0 0.527688 0.746479 0.007395 0.011376
0 0.476732 0.538055 0.007576 0.011647
0 0.467532 0.662920 0.007576 0.011647
0 0.533369 0.662243 0.007937 0.011376
0 0.626443 0.429171 0.007576 0.011105
0 0.436147 0.512866 0.006854 0.011105
0 0.399892 0.626625 0.007215 0.010563
0 0.487644 0.826111 0.007395 0.011376
0 0.557449 0.439599 0.007395 0.011376
0 0.582973 0.388678 0.007215 0.011376
0 0.569805 0.428765 0.007576 0.011376
0 0.615530 0.746343 0.007395 0.010563
0 0.440386 0.522752 0.007395 0.011376
0 0.577201 0.562297 0.007576 0.011376
0 0.480790 0.473592 0.007395 0.011105
0 0.469426 0.521668 0.007756 0.011918
0 0.436328 0.471289 0.007215 0.010834
0 0.610931 0.469800 0.007576 0.012189
0 0.358586 0.452059 0.007576 0.011376
0 0.536255 0.408722 0.007215 0.011918
0 0.579095 0.709507 0.007395 0.011647
0 0.515512 0.767876 0.007576 0.011376
0 0.316468 0.336945 0.007035 0.010834
0 0.500902 0.602519 0.007215 0.010563
0 0.357955 0.348592 0.007756 0.011376
0 0.681457 0.553359 0.007576 0.011376
0 0.487464 0.612134 0.007395 0.011376
0 0.490260 0.484290 0.007215 0.011376
0 0.615440 0.445287 0.007576 0.011918
0 0.365440 0.493364 0.007937 0.011105
0 0.499729 0.540087 0.007395 0.011376
0 0.585498 0.565953 0.007576 0.011105
0 0.645473 0.490791 0.007395 0.011376
0 0.524802 0.439735 0.007756 0.011105
0 0.477273 0.463434 0.007215 0.011376
0 0.601010 0.500135 0.007215 0.011647
0 0.505682 0.360103 0.007395 0.011105
0 0.417749 0.614572 0.007576 0.011918
0 0.381403 0.472914 0.007395 0.011918
0 0.586490 0.711945 0.007395 0.011647
0 0.532107 0.397616 0.007215 0.011376
0 0.548250 0.332476 0.007395 0.011647
0 0.393398 0.419556 0.007215 0.011376
0 0.513258 0.649242 0.007756 0.011376
0 0.405032 0.453277 0.007035 0.011105
0 0.658009 0.453277 0.007215 0.010563
0 0.594156 0.531690 0.007937 0.011376
0 0.519571 0.863489 0.007395 0.010834
0 0.596591 0.725352 0.007756 0.011376
0 0.377345 0.463434 0.007576 0.010834
0 0.330538 0.359155 0.007395 0.011376
0 0.543470 0.576788 0.007576 0.011647
0 0.609037 0.373239 0.007756 0.011376
0 0.407287 0.648294 0.007215 0.011105
0 0.566017 0.460455 0.007576 0.011918
0 0.548791 0.538191 0.007395 0.010834
0 0.585588 0.423889 0.007395 0.010834
0 0.659001 0.482665 0.007395 0.011376
0 0.326930 0.348321 0.007395 0.010834
0 0.377435 0.503250 0.007035 0.011376
0 0.454816 0.706528 0.007035 0.011105
0 0.573052 0.828142 0.007576 0.011105
0 0.462211 0.518824 0.007756 0.011647
0 0.676497 0.562974 0.008117 0.011647
0 0.525343 0.829361 0.007395 0.011376
0 0.469877 0.592091 0.007576 0.011918
0 0.570166 0.637595 0.007576 0.011376
0 0.710768 0.466956 0.007756 0.011376
0 0.521555 0.501490 0.007395 0.010563
0 0.572781 0.394772 0.007756 0.011105
0 0.508207 0.763814 0.007395 0.011376
0 0.392677 0.339789 0.007215 0.010563
0 0.636634 0.587622 0.008478 0.011647
0 0.561778 0.560943 0.007395 0.010834
0 0.487915 0.473050 0.007215 0.011647
0 0.416486 0.358884 0.007576 0.011376
0 0.507846 0.464112 0.007395 0.011647
0 0.464646 0.497156 0.007215 0.010563
0 0.408189 0.522616 0.007576 0.011105
0 0.385281 0.483072 0.007215 0.011105
0 0.388799 0.473321 0.007756 0.011647
0 0.454816 0.518147 0.007395 0.011376
0 0.561598 0.395991 0.007756 0.011376
0 0.414141 0.624729 0.007576 0.011647
0 0.397276 0.429442 0.007395 0.011647
0 0.626714 0.736457 0.007035 0.010834
0 0.429113 0.514220 0.007576 0.011647
0 0.606151 0.361728 0.007395 0.011105
0 0.443182 0.511647 0.007576 0.011376
0 0.499549 0.923212 0.007395 0.010563
0 0.609668 0.753250 0.007576 0.011376
0 0.593795 0.714247 0.007576 0.011376
0 0.569444 0.552004 0.007215 0.011376
0 0.442370 0.609155 0.007756 0.011376
0 0.447781 0.599540 0.007395 0.011647
0 0.452471 0.575027 0.007756 0.011376
0 0.641685 0.597237 0.007395 0.010834
0 0.599928 0.539545 0.007215 0.010834
0 0.551317 0.694881 0.007395 0.011105
0 0.531205 0.967091 0.006854 0.010022
0 0.599297 0.736728 0.007756 0.011376
0 0.587121 0.630553 0.006854 0.010834
0 0.612374 0.458017 0.007576 0.011376
0 0.605700 0.742822 0.007576 0.011647
0 0.517857 0.562839 0.007215 0.010834
0 0.591270 0.363759 0.007576 0.011376
0 0.478355 0.623510 0.007576 0.011376
0 0.579816 0.632584 0.007756 0.011647
0 0.647727 0.466143 0.007576 0.011376
0 0.751804 0.388678 0.007215 0.010293
0 0.571970 0.809047 0.007576 0.011376
0 0.361111 0.503250 0.007215 0.011376
0 0.403860 0.637866 0.007576 0.011376
0 0.617154 0.476165 0.007756 0.011918
0 0.440476 0.566495 0.007576 0.011647
0 0.550415 0.762324 0.007395 0.011105
0 0.622926 0.439870 0.007395 0.011376
0 0.484668 0.591956 0.007215 0.011105
0 0.554022 0.558505 0.007395 0.011376
0 0.636724 0.444610 0.007576 0.011647
0 0.707161 0.456663 0.007756 0.011376
0 0.537157 0.592904 0.007576 0.010834
0 0.482143 0.389491 0.006854 0.011376
0 0.482233 0.602654 0.007756 0.011918
0 0.504329 0.613218 0.007576 0.011376
0 0.570617 0.849404 0.007395 0.011918
0 0.417478 0.327736 0.007395 0.010293
0 0.561869 0.549296 0.007215 0.010834
0 0.619048 0.463299 0.007215 0.011647
0 0.621032 0.644366 0.007576 0.011376
0 0.439755 0.356176 0.007215 0.011376
0 0.584506 0.553088 0.007395 0.011376
0 0.412969 0.431880 0.007395 0.011105
0 0.525613 0.420504 0.007576 0.011105
0 0.469968 0.488489 0.007395 0.011105
0 0.406115 0.667524 0.007395 0.010563
0 0.381403 0.349675 0.007395 0.011376
0 0.576840 0.551463 0.007576 0.011376
0 0.740079 0.372291 0.007937 0.011647
0 0.492063 0.495666 0.007215 0.011376
0 0.404401 0.351029 0.006854 0.010293
0 0.433171 0.543337 0.007756 0.011376
0 0.575667 0.384615 0.007395 0.011376
0 0.462392 0.593852 0.007756 0.012189
0 0.432991 0.597644 0.007756 0.011647
0 0.638258 0.704496 0.007395 0.010293
0 0.617695 0.692037 0.007756 0.011376
0 0.576479 0.697454 0.007215 0.011376
0 0.589556 0.540493 0.007756 0.011647
0 0.595869 0.443391 0.007035 0.011376
0 0.335408 0.453684 0.007395 0.011376
0 0.536346 0.581798 0.007395 0.011376
0 0.755051 0.414139 0.006854 0.010834
0 0.634019 0.455444 0.007576 0.011647
0 0.400523 0.542660 0.007395 0.011647
0 0.404762 0.532909 0.007576 0.011105
0 0.638979 0.484155 0.007756 0.011105
0 0.534812 0.456663 0.007215 0.010834
0 0.470779 0.467633 0.007215 0.011105
0 0.604076 0.394231 0.007215 0.011647
0 0.384560 0.326652 0.007576 0.010834
0 0.527958 0.622156 0.007576 0.011376
0 0.466089 0.561349 0.007215 0.010563
0 0.516595 0.781148 0.007215 0.010834
0 0.686418 0.563245 0.008117 0.011105
0 0.439755 0.440818 0.007937 0.011105
0 0.429563 0.621073 0.007035 0.011376
0 0.613185 0.643012 0.007756 0.011918
0 0.462572 0.379334 0.007035 0.011647
0 0.586760 0.529252 0.007576 0.011376
0 0.646735 0.398158 0.007395 0.011376
0 0.542298 0.532638 0.007395 0.011647
0 0.473485 0.560130 0.007215 0.011376
0 0.459506 0.430255 0.007395 0.011105
0 0.663961 0.553359 0.007937 0.011918
0 0.392947 0.360915 0.007395 0.011105
0 0.578644 0.680119 0.007576 0.010834
0 0.366432 0.472508 0.007395 0.010563
0 0.660804 0.471966 0.007756 0.010563
0 0.533189 0.477790 0.007576 0.010834
0 0.640963 0.460726 0.007395 0.011918
0 0.559253 0.499187 0.007756 0.010834
0 0.425595 0.595612 0.007395 0.011376
0 0.509740 0.521127 0.007215 0.011376
0 0.420094 0.452194 0.007215 0.011105
0 0.634921 0.568662 0.007576 0.011647
0 0.400523 0.329090 0.007395 0.010834
0 0.470960 0.441495 0.007576 0.011376
0 0.560606 0.650054 0.007215 0.010834
0 0.576299 0.517741 0.007937 0.011647
0 0.589737 0.508397 0.007756 0.011918
0 0.460137 0.667118 0.007576 0.012459
0 0.574856 0.656148 0.007576 0.011647
0 0.728626 0.403575 0.007756 0.011376
0 0.543741 0.406961 0.007395 0.011647
0 0.367424 0.328954 0.007576 0.011105
0 0.459325 0.507990 0.007395 0.011105
0 0.603175 0.611728 0.007215 0.011105
0 0.751623 0.403982 0.007576 0.011105
0 0.638077 0.607259 0.007395 0.011376
0 0.651425 0.675785 0.007035 0.010293
0 0.518759 0.336674 0.007937 0.011918
0 0.655032 0.665628 0.007395 0.010563
0 0.524531 0.786972 0.007576 0.011647
0 0.461400 0.486593 0.007576 0.011105
0 0.608856 0.632855 0.007395 0.010563
0 0.517677 0.518283 0.007215 0.011105
0 0.484037 0.342904 0.007756 0.010834
0 0.534632 0.386647 0.007576 0.011647
0 0.516504 0.662920 0.007756 0.011647
0 0.639701 0.577465 0.007756 0.010834
0 0.542298 0.437703 0.007756 0.011376
0 0.533640 0.801869 0.007395 0.011647
0 0.670905 0.510428 0.007756 0.011105
0 0.549513 0.549431 0.007395 0.011647
0 0.527958 0.450840 0.007576 0.011647
0 0.425054 0.543066 0.008117 0.011376
0 0.469156 0.572319 0.007576 0.011376
0 0.486382 0.506907 0.007395 0.011105
0 0.624820 0.396533 0.006854 0.011376
0 0.456259 0.782096 0.007756 0.011647
0 0.563041 0.526002 0.007395 0.010834
0 0.459776 0.772346 0.007215 0.011647
0 0.618056 0.401950 0.007035 0.011376
0 0.608496 0.579767 0.007035 0.010022
0 0.495310 0.475217 0.007215 0.011105
0 0.522908 0.873646 0.007215 0.011105
0 0.604618 0.725623 0.007937 0.011918
0 0.528499 0.532774 0.007215 0.011376
0 0.451389 0.623510 0.007756 0.011376
0 0.489719 0.600081 0.006854 0.010563
0 0.427489 0.610645 0.007215 0.011105
0 0.523539 0.948808 0.007035 0.010834
0 0.642406 0.615926 0.007395 0.010834
0 0.642496 0.389355 0.007576 0.011105
0 0.583965 0.843445 0.007035 0.011376
0 0.399260 0.647346 0.007756 0.010834
0 0.466631 0.478061 0.007576 0.011376
0 0.368687 0.503657 0.008297 0.012189
0 0.722222 0.435672 0.007215 0.011105
0 0.485660 0.623646 0.007395 0.011105
0 0.542208 0.506636 0.007215 0.011647
0 0.647276 0.683369 0.007035 0.010293
0 0.533369 0.833830 0.007937 0.012189
0 0.402597 0.657503 0.007215 0.010563
0 0.559704 0.407367 0.007215 0.010834
0 0.758838 0.388001 0.006854 0.011105
0 0.331800 0.443256 0.007756 0.011647
0 0.407287 0.626083 0.006854 0.011105
0 0.641234 0.422264 0.007215 0.010834
2 0.507395 0.751761 0.006854 0.011105
0 0.455718 0.616603 0.007395 0.011647
0 0.576840 0.819610 0.007937 0.011376
0 0.610480 0.403575 0.007756 0.011376
0 0.563853 0.489437 0.007215 0.011376
0 0.466811 0.507855 0.007215 0.011376
0 0.466180 0.357124 0.007395 0.011105
0 0.492334 0.651544 0.007395 0.011105
0 0.582792 0.403846 0.007576 0.011918
0 0.409271 0.421993 0.007215 0.011376
0 0.315476 0.356582 0.007576 0.011105
0 0.433171 0.566360 0.007395 0.011376
0 0.518038 0.367958 0.007937 0.012189
0 0.471952 0.400460 0.007395 0.011105
0 0.449856 0.610103 0.007215 0.011105
0 0.498737 0.640980 0.007937 0.012189
0 0.568362 0.838028 0.007215 0.011376
0 0.629960 0.419285 0.007395 0.011376
0 0.542569 0.677817 0.007576 0.011105
0 0.525253 0.473592 0.007576 0.011105
0 0.420094 0.411295 0.007215 0.011105
0 0.681457 0.363624 0.007576 0.010563
0 0.560786 0.377844 0.007576 0.012459
0 0.592262 0.520720 0.007756 0.011105
0 0.523539 0.511918 0.007756 0.011918
0 0.666667 0.616062 0.007576 0.011647
0 0.550595 0.609426 0.007756 0.011918
0 0.458424 0.606311 0.007756 0.011105
0 0.472944 0.582340 0.007215 0.010834
0 0.346771 0.463434 0.007395 0.011376
0 0.599206 0.357665 0.007576 0.011647
0 0.555285 0.531419 0.007395 0.010834
0 0.744589 0.393012 0.007215 0.011376
0 0.541126 0.630959 0.007576 0.011105
0 0.370220 0.411024 0.007395 0.010563
0 0.505051 0.426056 0.007576 0.011376
0 0.703193 0.487134 0.008117 0.011647
0 0.484398 0.495937 0.007035 0.010834
0 0.395653 0.637053 0.007395 0.010834
0 0.522727 0.755011 0.008297 0.011105
0 0.526966 0.484426 0.007395 0.011105
0 0.560967 0.798754 0.007215 0.011376
0 0.472583 0.500000 0.007576 0.011376
0 0.436778 0.430525 0.007756 0.011105
0 0.519931 0.742822 0.007395 0.011647
0 0.444535 0.430119 0.007035 0.011376
0 0.454455 0.482665 0.007035 0.010834
0 0.309524 0.335184 0.006854 0.010022
0 0.632035 0.548212 0.007937 0.011376
0 0.477092 0.491197 0.007576 0.011647
0 0.506584 0.497562 0.007035 0.010834
0 0.534271 0.548754 0.007937 0.010834
0 0.630772 0.514355 0.007215 0.010834
0 0.554654 0.620125 0.007576 0.011647
0 0.636183 0.413326 0.007576 0.011376
0 0.579275 0.852113 0.007395 0.010834
0 0.588925 0.614843 0.007215 0.011376
0 0.365801 0.350217 0.007215 0.010834
0 0.538240 0.752167 0.007576 0.011376
0 0.520382 0.620260 0.007215 0.011376
0 0.563853 0.707882 0.007576 0.011105
0 0.335588 0.473998 0.007756 0.011376
0 0.440837 0.598185 0.007576 0.011105
0 0.454816 0.379469 0.007395 0.010834
0 0.576299 0.644231 0.007576 0.011647
0 0.590548 0.586809 0.007215 0.011105
0 0.498016 0.627979 0.007576 0.011647
0 0.561418 0.514491 0.007035 0.011105
0 0.643488 0.450569 0.007035 0.011647
0 0.733225 0.412243 0.007576 0.011376
0 0.620761 0.452194 0.007756 0.011647
0 0.502976 0.518418 0.007395 0.010834
0 0.664863 0.502573 0.007215 0.011105
0 0.584055 0.518147 0.007215 0.011376
0 0.631584 0.489707 0.007395 0.011376
0 0.629329 0.357124 0.007215 0.011647
0 0.573323 0.417254 0.007756 0.011647
0 0.596140 0.613353 0.007215 0.011105
0 0.498016 0.562297 0.007576 0.011376
0 0.324134 0.442985 0.007576 0.011105
0 0.561688 0.625406 0.007215 0.010834
0 0.373828 0.453548 0.007395 0.011105
0 0.593885 0.634751 0.007395 0.011647
0 0.490440 0.585049 0.007215 0.010834
0 0.307630 0.354957 0.007395 0.010563
0 0.639881 0.631230 0.007395 0.011647
0 0.517226 0.418472 0.007395 0.011376
0 0.624549 0.375406 0.007035 0.010834
0 0.473846 0.512459 0.007937 0.011376
0 0.512356 0.742958 0.007395 0.010834
0 0.452561 0.770043 0.007937 0.011918
0 0.538510 0.826517 0.007395 0.011105
0 0.405032 0.431880 0.007395 0.011105
0 0.612013 0.423483 0.007215 0.010563
0 0.604618 0.792118 0.006854 0.010563
0 0.516955 0.468174 0.007576 0.010563
2 0.541937 0.482124 0.007395 0.011918
0 0.381584 0.554984 0.007395 0.011376
0 0.556457 0.810130 0.007937 0.011918
0 0.520112 0.573267 0.006674 0.010022
0 0.421176 0.604550 0.007576 0.011376
0 0.712121 0.499729 0.007576 0.010834
0 0.347403 0.338028 0.007576 0.010834
0 0.411706 0.350488 0.007395 0.010834
0 0.535263 0.623104 0.007395 0.011105
0 0.645022 0.587080 0.007576 0.011105
0 0.507215 0.921587 0.007215 0.011105
0 0.658460 0.494989 0.007395 0.011647
0 0.523178 0.816901 0.007035 0.011918
0 0.513979 0.497427 0.007395 0.011105
0 0.505141 0.453277 0.007395 0.011105
0 0.496753 0.672129 0.007937 0.011647
0 0.511815 0.617416 0.007756 0.011105
0 0.600740 0.622833 0.007395 0.011647
0 0.587933 0.722508 0.007395 0.011105
0 0.401335 0.340466 0.007576 0.010834
0 0.673070 0.486728 0.007395 0.011376
0 0.623647 0.723456 0.007756 0.011918
0 0.531475 0.948537 0.007035 0.010834
0 0.478986 0.505417 0.006674 0.011376
0 0.527056 0.543472 0.007937 0.011105
0 0.393038 0.379875 0.007576 0.010563
0 0.510372 0.934182 0.007395 0.011376
0 0.596411 0.397481 0.007395 0.011647
0 0.565115 0.601571 0.007576 0.011376
0 0.313763 0.326517 0.006313 0.010022
0 0.520382 0.490791 0.007215 0.011376
0 0.576028 0.616739 0.007395 0.010834
0 0.518488 0.827329 0.007035 0.011647
0 0.443903 0.451381 0.007576 0.011105
0 0.525162 0.610374 0.007756 0.011105
0 0.385191 0.544827 0.007395 0.011647
0 0.326659 0.368499 0.007576 0.011105
0 0.622745 0.744718 0.007395 0.010563
0 0.583604 0.642876 0.007395 0.011647
0 0.670184 0.369989 0.007035 0.010834
0 0.481512 0.636241 0.008117 0.011918
0 0.502255 0.340330 0.008478 0.010563
0 0.521014 0.537378 0.007395 0.011376
0 0.345960 0.358613 0.007215 0.011376
0 0.388077 0.617822 0.007035 0.010293
0 0.512536 0.485645 0.007035 0.011376
0 0.587933 0.596289 0.007035 0.011105
0 0.511183 0.825569 0.007576 0.011918
0 0.432359 0.461674 0.007576 0.011105
0 0.710588 0.488624 0.007395 0.010834
0 0.343074 0.494177 0.007576 0.011105
0 0.369048 0.360509 0.007215 0.010834
0 0.320887 0.323673 0.007576 0.010834
0 0.546176 0.829767 0.007937 0.011105
0 0.391955 0.606853 0.007215 0.011105
0 0.354978 0.337893 0.007215 0.010563
0 0.673701 0.593716 0.007215 0.011376
0 0.458965 0.474675 0.007395 0.011105
0 0.575216 0.775190 0.007576 0.011376
0 0.471681 0.718310 0.007937 0.011918
0 0.478986 0.846966 0.007395 0.011376
0 0.676317 0.450433 0.007395 0.011376
0 0.508387 0.508803 0.007395 0.011647
0 0.331981 0.305932 0.007756 0.010563
0 0.593254 0.499052 0.007576 0.011105
0 0.553391 0.833694 0.007576 0.011376
0 0.580177 0.808369 0.007756 0.011647
0 0.556006 0.543066 0.007035 0.011918
0 0.556999 0.768418 0.007937 0.011376
0 0.385552 0.585861 0.007756 0.011376
0 0.431548 0.586132 0.008117 0.011376
0 0.278319 0.314193 0.007215 0.010834
0 0.553301 0.731040 0.007395 0.010834
0 0.605249 0.600894 0.007395 0.010563
0 0.432269 0.740249 0.007756 0.011918
0 0.505231 0.665628 0.007937 0.012189
0 0.500000 0.720748 0.007215 0.011376
0 0.718074 0.467768 0.007215 0.010834
0 0.623106 0.482665 0.007756 0.011376
0 0.671447 0.497427 0.007395 0.011105
0 0.428120 0.410753 0.007395 0.011105
0 0.468705 0.811484 0.007395 0.010834
0 0.579004 0.665628 0.007937 0.011647
0 0.342803 0.452736 0.007395 0.011105
0 0.474657 0.480092 0.007395 0.011105
0 0.544372 0.819204 0.007937 0.011647
0 0.491793 0.540764 0.007395 0.011105
0 0.622655 0.681203 0.007937 0.011376
0 0.626714 0.460049 0.007395 0.011647
0 0.558261 0.699621 0.007215 0.010834
0 0.512897 0.555255 0.007035 0.011376
0 0.439304 0.716008 0.007756 0.012730
0 0.503337 0.891793 0.007756 0.011647
0 0.669102 0.468310 0.007035 0.011376
0 0.554113 0.742145 0.007215 0.011918
0 0.582973 0.621073 0.007215 0.011376
0 0.444264 0.634074 0.007576 0.011376
0 0.603535 0.382990 0.007215 0.011376
0 0.355159 0.442172 0.007576 0.011105
0 0.552219 0.865655 0.007395 0.011376
0 0.667027 0.479415 0.007937 0.011376
0 0.718344 0.426192 0.008117 0.011105
0 0.491252 0.836674 0.007395 0.011376
0 0.610299 0.436484 0.007756 0.012189
0 0.366793 0.431880 0.007395 0.010563
0 0.745310 0.362811 0.007576 0.010563
0 0.525523 0.555661 0.007395 0.010563
0 0.541937 0.728602 0.007756 0.011376
0 0.461851 0.530607 0.007756 0.010834
0 0.472042 0.802681 0.007215 0.011105
0 0.281295 0.324350 0.007395 0.010563
0 0.538690 0.692308 0.007756 0.011376
0 0.543831 0.556338 0.007215 0.011376
0 0.620400 0.596831 0.007035 0.011105
0 0.417839 0.594935 0.007756 0.011647
0 0.531926 0.684588 0.007937 0.011647
0 0.506043 0.561213 0.007395 0.011376
0 0.541847 0.521127 0.007215 0.010834
0 0.548070 0.722102 0.007756 0.011376
0 0.535444 0.526679 0.007395 0.011105
0 0.665494 0.490655 0.007035 0.011105
0 0.351190 0.472914 0.007215 0.011376
0 0.450126 0.542254 0.007395 0.011918
0 0.734217 0.424702 0.007035 0.010834
0 0.690657 0.552952 0.007576 0.011105
0 0.358947 0.472779 0.007576 0.011105
0 0.647006 0.556203 0.007576 0.011647
0 0.529221 0.519772 0.007576 0.010834
0 0.409993 0.658857 0.007215 0.010563
0 0.357594 0.513678 0.007756 0.011105
0 0.282377 0.301733 0.007395 0.011376
0 0.354888 0.482665 0.007756 0.010834
0 0.528409 0.495937 0.007395 0.010834
0 0.522547 0.684588 0.008297 0.011647
0 0.534993 0.489030 0.007576 0.011105
0 0.547709 0.839518 0.006674 0.010563
0 0.482955 0.483884 0.007395 0.011647
0 0.667298 0.543472 0.007756 0.011105
0 0.530123 0.506365 0.007215 0.011647
0 0.449946 0.682692 0.008117 0.011647
0 0.391504 0.628386 0.007395 0.010834
0 0.554744 0.520585 0.007035 0.010293
0 0.546717 0.622969 0.007937 0.011918
0 0.369679 0.421993 0.007395 0.010293
0 0.695166 0.565005 0.007576 0.011376
0 0.623828 0.494718 0.007395 0.011647
0 0.534722 0.959236 0.007035 0.010563
0 0.723304 0.393147 0.007215 0.010563
0 0.550776 0.359020 0.007756 0.011647
0 0.548341 0.513543 0.006854 0.011376
0 0.733315 0.376490 0.007756 0.011376
0 0.328102 0.454632 0.007215 0.011105
0 0.444174 0.726436 0.007756 0.011918
0 0.594877 0.602654 0.007576 0.011376
0 0.442551 0.587080 0.007756 0.011647
0 0.505952 0.647887 0.007937 0.011918
0 0.747655 0.413326 0.007215 0.010834
0 0.543831 0.699485 0.007576 0.011105
0 0.739538 0.385428 0.006854 0.010834
0 0.570076 0.728873 0.007756 0.011376
0 0.366162 0.534263 0.007576 0.011105
0 0.565927 0.615926 0.007395 0.010834
0 0.495491 0.593581 0.007215 0.012189
0 0.460859 0.641928 0.007576 0.011376
0 0.415043 0.667795 0.007937 0.010563
0 0.506674 0.632990 0.007215 0.010834
0 0.373828 0.577465 0.007756 0.011376
0 0.458784 0.717226 0.008117 0.011918
0 0.616162 0.335861 0.007576 0.011376
0 0.518669 0.479821 0.007395 0.011647
0 0.599838 0.524512 0.007395 0.012189
0 0.429113 0.575433 0.007576 0.011105
0 0.359217 0.432015 0.007395 0.011918
0 0.412969 0.553494 0.007756 0.011647
0 0.447511 0.712486 0.007576 0.011647
0 0.560967 0.832340 0.007215 0.011376
0 0.649711 0.595206 0.007576 0.011647
0 0.377706 0.566766 0.006854 0.011105
0 0.565566 0.676463 0.007395 0.010563
0 0.483586 0.857801 0.007215 0.011376
0 0.636995 0.557557 0.007395 0.011105
0 0.726912 0.425921 0.007576 0.011105
0 0.502886 0.931338 0.007215 0.010022
0 0.508387 0.600623 0.007756 0.011647
0 0.686147 0.498917 0.007576 0.011376
0 0.363276 0.481853 0.006494 0.010293
0 0.370942 0.339789 0.007395 0.010563
0 0.464827 0.724269 0.007937 0.011376
0 0.288149 0.294556 0.007395 0.011105
0 0.589286 0.337757 0.007576 0.011376
0 0.454185 0.672941 0.007576 0.011105
0 0.455988 0.461538 0.007576 0.010834
0 0.339376 0.442172 0.007395 0.011105
0 0.706800 0.435943 0.007395 0.011105
0 0.759380 0.404794 0.007576 0.011105
0 0.593074 0.623781 0.007576 0.011376
0 0.481512 0.452600 0.007756 0.011376
0 0.373828 0.512189 0.007395 0.010293
0 0.523629 0.727248 0.007937 0.011376
0 0.479347 0.868093 0.007395 0.010834
0 0.528680 0.811213 0.007576 0.011376
0 0.573052 0.674296 0.006854 0.011647
0 0.600018 0.801463 0.007395 0.011376
0 0.623377 0.616062 0.007576 0.012189
0 0.498467 0.806067 0.007395 0.011918
0 0.479437 0.333017 0.007937 0.011647
0 0.461760 0.570287 0.007215 0.010563
0 0.451028 0.697589 0.007756 0.011647
0 0.354708 0.462757 0.007395 0.011105
0 0.598846 0.705850 0.007576 0.010834
0 0.529942 0.588976 0.007215 0.011105
0 0.663871 0.434724 0.007395 0.011376
0 0.625812 0.605363 0.007035 0.010834
0 0.480429 0.582476 0.007395 0.011105
0 0.613817 0.554984 0.007937 0.011918
0 0.623196 0.364166 0.007215 0.010563
0 0.465909 0.652086 0.007576 0.011105
0 0.473124 0.654252 0.007937 0.011105
0 0.598124 0.694745 0.007576 0.010834
0 0.652146 0.486863 0.007395 0.011647
0 0.390152 0.451111 0.007215 0.011647
0 0.436598 0.727790 0.007756 0.011918
0 0.687320 0.406148 0.007395 0.011105
0 0.492695 0.620666 0.007035 0.012189
0 0.545004 0.868906 0.007395 0.011376
0 0.417118 0.563245 0.007395 0.011105
0 0.451479 0.639085 0.007576 0.011105
0 0.318633 0.313109 0.007756 0.011376
0 0.497926 0.582746 0.007395 0.011105
0 0.540945 0.838434 0.007215 0.012189
0 0.722132 0.477384 0.007395 0.011105
0 0.656205 0.431203 0.007215 0.010293
0 0.514250 0.582069 0.007215 0.010834
0 0.557449 0.723050 0.007756 0.011647
0 0.323683 0.337351 0.007395 0.011105
0 0.694264 0.543337 0.007576 0.010834
0 0.516955 0.837486 0.007576 0.011376
0 0.385281 0.400325 0.007576 0.011376
0 0.357864 0.493093 0.007576 0.011647
0 0.591450 0.733613 0.007576 0.011647
0 0.284812 0.333559 0.007576 0.010563
0 0.542027 0.855634 0.007215 0.011376
0 0.353535 0.410347 0.007576 0.010834
0 0.442009 0.647210 0.007756 0.011647
0 0.545364 0.641116 0.007395 0.011376
0 0.354708 0.316631 0.007756 0.011918
0 0.506494 0.943256 0.007576 0.010563
0 0.697872 0.521398 0.007576 0.011376
0 0.424513 0.717904 0.007035 0.011105
0 0.677579 0.503521 0.007395 0.011918
0 0.613276 0.723456 0.007576 0.010834
0 0.659452 0.656826 0.007215 0.010834
0 0.492875 0.724269 0.007395 0.011376
0 0.536075 0.500271 0.007215 0.011918
0 0.562861 0.690547 0.007395 0.010563
0 0.431728 0.716956 0.007756 0.011918
0 0.501804 0.694610 0.007215 0.012189
0 0.680285 0.409128 0.007035 0.011105
0 0.475740 0.835590 0.007756 0.011376
0 0.543470 0.494583 0.007576 0.010834
0 0.582251 0.609020 0.007576 0.011105
0 0.680465 0.440953 0.007395 0.010834
0 0.307359 0.298212 0.007576 0.010293
0 0.515963 0.507719 0.007395 0.011105
0 0.602904 0.440818 0.007395 0.011647
0 0.303932 0.364978 0.006854 0.011105
0 0.285985 0.312568 0.007395 0.010834
0 0.374639 0.430932 0.007215 0.010834
0 0.600018 0.749594 0.008117 0.011647
0 0.711851 0.382855 0.007395 0.011105
0 0.613095 0.599133 0.007576 0.011918
0 0.481241 0.703142 0.007576 0.011376
0 0.334867 0.322589 0.007395 0.010834
0 0.548972 0.852925 0.007395 0.011918
0 0.522998 0.853738 0.007395 0.010834
0 0.518669 0.956663 0.007395 0.010834
0 0.533009 0.559453 0.007576 0.011647
0 0.607053 0.590195 0.007395 0.011376
0 0.541757 0.880823 0.007756 0.011918
0 0.479437 0.714518 0.008297 0.011918
0 0.658460 0.398158 0.007395 0.011376
0 0.435426 0.705444 0.007215 0.010563
0 0.514881 0.924296 0.007395 0.010563
0 0.549603 0.660482 0.006854 0.011105
0 0.571609 0.872969 0.007215 0.010834
0 0.586760 0.774106 0.007215 0.010834
0 0.546898 0.737676 0.007576 0.011105
0 0.696970 0.493770 0.007576 0.011376
0 0.436147 0.750000 0.007937 0.011918
0 0.598395 0.583017 0.007395 0.011105
0 0.335227 0.432828 0.007756 0.011376
0 0.325758 0.401679 0.007576 0.011376
0 0.348755 0.401679 0.006674 0.011376
0 0.473395 0.765574 0.007395 0.011105
0 0.310786 0.365926 0.006854 0.010293
0 0.590729 0.691631 0.007576 0.011105
0 0.588474 0.831392 0.007395 0.011105
0 0.397096 0.532232 0.007035 0.010293
0 0.374098 0.533857 0.007576 0.011376
0 0.522727 0.526138 0.007215 0.011105
0 0.590729 0.756636 0.007576 0.011105
0 0.502255 0.731040 0.007035 0.010293
0 0.505682 0.801869 0.007395 0.011105
0 0.455447 0.563516 0.007215 0.011647
0 0.622114 0.551733 0.007576 0.010834
0 0.479618 0.660076 0.007937 0.011376
0 0.740350 0.413462 0.007035 0.010563
0 0.428120 0.705038 0.007395 0.011376
0 0.515873 0.946506 0.007576 0.011105
0 0.485480 0.651408 0.007035 0.010834
0 0.556277 0.856176 0.007576 0.011918
0 0.631403 0.612134 0.007395 0.010834
0 0.715548 0.510428 0.007215 0.011105
0 0.549242 0.683776 0.007937 0.011105
0 0.427760 0.451652 0.007395 0.011105
0 0.490260 0.684317 0.007937 0.011647
0 0.663240 0.461809 0.007215 0.010834
0 0.306999 0.325298 0.006494 0.010293
0 0.471501 0.845748 0.007215 0.011647
0 0.322872 0.390710 0.007215 0.010563
0 0.449134 0.651273 0.007576 0.011647
0 0.465188 0.632855 0.007576 0.011105
0 0.675866 0.463028 0.007215 0.011105
0 0.592352 0.746885 0.007215 0.010563
0 0.548791 0.807557 0.007395 0.011105
0 0.536075 0.512459 0.006854 0.011376
0 0.532107 0.727248 0.007937 0.011376
0 0.388167 0.597237 0.007937 0.011376
0 0.475649 0.857124 0.007576 0.011105
0 0.599567 0.761241 0.007937 0.011105
0 0.733856 0.467362 0.007395 0.010563
0 0.642587 0.695829 0.007035 0.010834
0 0.484848 0.693256 0.007576 0.011105
0 0.574134 0.862134 0.007576 0.011918
0 0.384470 0.608478 0.007395 0.011647
0 0.380592 0.599404 0.007215 0.011376
0 0.324856 0.422400 0.007576 0.011647
0 0.559253 0.901815 0.007756 0.012730
0 0.554473 0.888407 0.007215 0.010834
0 0.459867 0.815547 0.007395 0.011376
0 0.737103 0.456663 0.006674 0.010293
0 0.737644 0.433776 0.007035 0.010563
0 0.405032 0.512324 0.007756 0.011105
0 0.317009 0.398971 0.007756 0.010834
0 0.717532 0.414545 0.007576 0.010563
0 0.535534 0.938922 0.007215 0.011105
0 0.520743 0.893147 0.007215 0.011105
0 0.484848 0.726165 0.007937 0.011376
0 0.693723 0.503927 0.007937 0.011647
0 0.578644 0.732801 0.007576 0.011105
0 0.443452 0.702871 0.007756 0.011376
2 0.584686 0.654252 0.006313 0.010022
0 0.304654 0.345070 0.007576 0.011376
0 0.388979 0.512459 0.007756 0.011376
0 0.458333 0.692037 0.007576 0.011376
0 0.513167 0.893554 0.007576 0.010834
0 0.287608 0.343445 0.007395 0.010834
0 0.747204 0.379605 0.007395 0.011647
0 0.464556 0.802681 0.007395 0.011105
2 0.656836 0.507584 0.007756 0.012459
0 0.617605 0.759345 0.007215 0.011105
0 0.500271 0.793743 0.007395 0.012189
0 0.483496 0.816360 0.007035 0.011376
0 0.517947 0.934724 0.007035 0.010834
0 0.428662 0.729957 0.008117 0.011918
0 0.511183 0.955715 0.007576 0.010563
0 0.462482 0.761647 0.007576 0.011376
0 0.712572 0.521398 0.007035 0.010834
0 0.548611 0.526408 0.007035 0.011105
2 0.514701 0.754063 0.007395 0.009209
2 0.533279 0.611457 0.006674 0.010563
0 0.362193 0.389626 0.007576 0.011105
0 0.551768 0.900596 0.007937 0.013001
0 0.669733 0.456528 0.007215 0.011105
0 0.329365 0.412514 0.007576 0.010834
0 0.369679 0.568120 0.007756 0.011647
0 0.675956 0.617281 0.007756 0.010834
0 0.603265 0.714518 0.008117 0.011918
0 0.464466 0.781690 0.007215 0.010293
0 0.444444 0.691901 0.007215 0.011105
0 0.332341 0.422806 0.007035 0.011376
0 0.512987 0.804984 0.007576 0.011376
0 0.730339 0.478467 0.007576 0.011105
0 0.566739 0.881094 0.007576 0.010834
0 0.422168 0.623510 0.007756 0.011376
0 0.690476 0.533857 0.007576 0.011376
2 0.521916 0.774512 0.006674 0.008938
0 0.515061 0.592497 0.007395 0.011105
0 0.416216 0.583017 0.007395 0.011647
0 0.571609 0.607259 0.007937 0.010834
0 0.495581 0.826517 0.007756 0.010563
0 0.362825 0.408992 0.007035 0.010293
0 0.377435 0.588299 0.007756 0.011918
0 0.505682 0.624594 0.007756 0.011918
0 0.492965 0.847779 0.007215 0.011376
0 0.542929 0.940412 0.006854 0.010834
0 0.532468 0.926598 0.007576 0.011376
0 0.509380 0.858207 0.007215 0.010563
0 0.549513 0.878792 0.008117 0.011647
0 0.579996 0.755417 0.007395 0.011376
0 0.729888 0.456257 0.007035 0.010563
0 0.469246 0.755553 0.007756 0.011647
0 0.374278 0.402221 0.007215 0.010834
0 0.467352 0.773564 0.007576 0.010834
0 0.334416 0.348050 0.007576 0.011376
0 0.417208 0.698131 0.007576 0.011105
0 0.473124 0.781148 0.007937 0.010834
0 0.698773 0.435672 0.007576 0.011105
0 0.676497 0.431338 0.007395 0.010563
0 0.377886 0.545368 0.007215 0.011105
0 0.304563 0.314735 0.007756 0.010293
0 0.502796 0.592091 0.007395 0.010834
0 0.408189 0.563922 0.008297 0.011376
0 0.709055 0.399783 0.007576 0.011376
0 0.338203 0.358478 0.007576 0.011105
0 0.267496 0.284534 0.007215 0.010563
2 0.531746 0.766387 0.006854 0.007855
0 0.473846 0.682015 0.007215 0.010834
0 0.347042 0.442172 0.007576 0.011105
0 0.652958 0.518689 0.007576 0.011918
0 0.695527 0.446777 0.007576 0.011105
0 0.491162 0.860780 0.007215 0.010834
0 0.475559 0.791983 0.007035 0.011376
0 0.682449 0.457205 0.007395 0.011376
0 0.507576 0.901138 0.007215 0.010834
0 0.436959 0.695558 0.007395 0.011918
0 0.490981 0.786836 0.007576 0.011376
0 0.529401 0.893554 0.007576 0.010834
0 0.363456 0.371073 0.008297 0.011376
2 0.486382 0.848050 0.006674 0.010293
0 0.495942 0.913055 0.007395 0.010834
0 0.538781 0.950975 0.007215 0.010834
0 0.681728 0.481853 0.007035 0.010834
2 0.437049 0.576381 0.007215 0.010293
0 0.721050 0.381501 0.007395 0.011647
0 0.435155 0.659128 0.007395 0.011647
0 0.539773 0.929442 0.006674 0.010563
0 0.410263 0.678765 0.007756 0.011918
2 0.654311 0.442308 0.006674 0.009751
0 0.528409 0.936349 0.007395 0.011918
0 0.342172 0.401408 0.007937 0.011376
0 0.299333 0.374865 0.007395 0.011918
0 0.303932 0.387866 0.008297 0.012459
0 0.313763 0.388272 0.008838 0.011647
0 0.328824 0.379469 0.007576 0.010834
0 0.330087 0.391251 0.008297 0.012189
0 0.636905 0.355363 0.007937 0.011918
0 0.703283 0.425515 0.007576 0.011918
0 0.696338 0.458830 0.008117 0.011376
0 0.688763 0.463705 0.008117 0.011376
0 0.688492 0.475758 0.007937 0.012189
0 0.695346 0.470070 0.008658 0.011647
0 0.463474 0.826923 0.007756 0.011376
0 0.467172 0.839789 0.008297 0.011647
0 0.505772 0.836268 0.007937 0.011647
0 0.523088 0.709507 0.008658 0.012189
0 0.500090 0.881907 0.007756 0.011918
0 0.483225 0.882313 0.008658 0.012189
0 0.491703 0.903846 0.007576 0.011918
0 0.532017 0.905065 0.007756 0.011647
0 0.514430 0.968039 0.007576 0.010834
0 0.522998 0.968445 0.008117 0.011647
0 0.518038 0.975758 0.008297 0.010022
0 0.526605 0.976706 0.008838 0.010834
0 0.522457 0.984967 0.008838 0.012189
0 0.479708 0.804171 0.008478 0.011918
0 0.494589 0.772481 0.007937 0.011918
0 0.478806 0.774783 0.008117 0.011647
2 0.273359 0.273835 0.022908 0.013001
0 0.272186 0.294014 0.007215 0.010563
2 0.282197 0.289680 0.009199 0.010022
2 0.275072 0.304036 0.009019 0.008938
2 0.291757 0.304577 0.007395 0.010563
2 0.299874 0.304713 0.008838 0.010834
2 0.295184 0.315005 0.009560 0.009751
2 0.289773 0.321777 0.009921 0.009751
2 0.299513 0.323267 0.008838 0.010563
2 0.292298 0.332476 0.007035 0.010022
2 0.301948 0.333965 0.008658 0.010834
0 0.296356 0.343445 0.007937 0.011918
0 0.415314 0.650867 0.007756 0.011918
0 0.419643 0.659940 0.008117 0.012189
0 0.427399 0.662514 0.008117 0.012459
0 0.433712 0.649783 0.008117 0.011918
0 0.413149 0.689193 0.008117 0.011105
0 0.421807 0.690683 0.008478 0.011376
0 0.429473 0.693527 0.008297 0.013272
0 0.547168 0.931203 0.007756 0.011918
0 0.467713 0.793608 0.007576 0.011918
2 0.549333 0.481988 0.006674 0.011105
0 0.312139 0.317172 0.007756 0.011376
2 0.313131 0.304713 0.006854 0.011918
2 0.326750 0.300785 0.008117 0.012189
2 0.339286 0.311213 0.007576 0.011918
2 0.352814 0.305119 0.007576 0.013272
2 0.292298 0.354686 0.007756 0.010022
2 0.300054 0.355363 0.006313 0.010293
2 0.296356 0.364301 0.008658 0.009751
2 0.328283 0.327465 0.007576 0.009751
2 0.343074 0.327329 0.007576 0.011105
2 0.330898 0.337351 0.007395 0.011105
2 0.339015 0.337080 0.007756 0.010022
2 0.371392 0.316631 0.009019 0.011918
2 0.382125 0.316495 0.008478 0.010563
2 0.391144 0.316089 0.009199 0.010293
2 0.402688 0.317037 0.012446 0.011105
2 0.413059 0.316901 0.007576 0.010834
2 0.351010 0.326788 0.007576 0.011647
2 0.358947 0.328413 0.006854 0.010563
2 0.376263 0.325975 0.007215 0.011105
2 0.392406 0.327871 0.007035 0.011647
2 0.410444 0.328142 0.007756 0.010022
2 0.363185 0.339382 0.005952 0.011376
2 0.377706 0.335861 0.006494 0.010293
2 0.384470 0.338434 0.008117 0.012189
2 0.409632 0.339247 0.007937 0.010022
2 0.342532 0.347373 0.007937 0.010022
2 0.396555 0.350758 0.007756 0.009751
2 0.353896 0.359155 0.006854 0.010293
2 0.361382 0.359967 0.007035 0.009751
2 0.318092 0.367687 0.007395 0.009480
2 0.334776 0.369583 0.007576 0.010022
2 0.342262 0.369718 0.007035 0.010834
2 0.349116 0.369718 0.006313 0.011918
2 0.355700 0.369718 0.006854 0.009751
2 0.372294 0.370937 0.007937 0.008397
2 0.381403 0.371479 0.005952 0.010022
2 0.387987 0.370260 0.007937 0.008126
2 0.308081 0.376354 0.005772 0.010563
2 0.315476 0.377031 0.009380 0.009209
2 0.322330 0.379198 0.005051 0.009751
2 0.337121 0.380688 0.007576 0.010022
2 0.344607 0.380553 0.007395 0.010293
2 0.352092 0.380146 0.007215 0.010563
2 0.358856 0.380146 0.006674 0.009480
2 0.368687 0.381365 0.006854 0.010293
2 0.375451 0.381230 0.007395 0.010563
2 0.383207 0.381365 0.007756 0.009209
2 0.339105 0.390303 0.007576 0.008667
2 0.346320 0.390710 0.007215 0.010022
2 0.354076 0.390845 0.008297 0.010834
2 0.372024 0.391251 0.007756 0.009480
2 0.379600 0.391116 0.007395 0.010293
2 0.388709 0.388814 0.007937 0.010022
2 0.309163 0.398023 0.007215 0.010022
2 0.334506 0.401815 0.007756 0.011105
2 0.358225 0.399648 0.009019 0.008938
2 0.367514 0.400460 0.006313 0.011647
2 0.409632 0.400325 0.007937 0.011376
2 0.416667 0.400054 0.006494 0.010293
2 0.312590 0.408722 0.008658 0.011376
2 0.321338 0.410618 0.007395 0.011376
2 0.337662 0.411836 0.008297 0.008397
2 0.345689 0.411701 0.007756 0.009751
2 0.381584 0.410347 0.007035 0.010293
2 0.398088 0.408722 0.006854 0.009751
2 0.405032 0.409805 0.007395 0.011376
2 0.412428 0.410076 0.007395 0.010834
2 0.317280 0.421181 0.007215 0.011376
2 0.340548 0.421858 0.008658 0.009480
2 0.348575 0.422264 0.006313 0.010834
2 0.355970 0.421181 0.008117 0.009751
2 0.363185 0.419556 0.006674 0.009751
2 0.378157 0.420233 0.007395 0.009480
2 0.401605 0.419691 0.007395 0.011647
2 0.320617 0.432421 0.007035 0.010563
2 0.327742 0.432151 0.007215 0.010022
2 0.343795 0.430932 0.007215 0.008126
2 0.371122 0.441631 0.007395 0.011647
2 0.387175 0.440141 0.007756 0.010834
2 0.395112 0.440953 0.007395 0.011376
2 0.402056 0.442579 0.007576 0.010834
2 0.408730 0.442714 0.008297 0.011105
2 0.351010 0.453007 0.007576 0.010022
2 0.382666 0.450840 0.007395 0.012730
2 0.386003 0.460049 0.007937 0.013814
2 0.424513 0.441631 0.007035 0.010563
2 0.424333 0.461945 0.008117 0.009480
2 0.429473 0.430932 0.007215 0.013001
2 0.431908 0.441224 0.007756 0.009751
2 0.436057 0.452059 0.007756 0.010834
2 0.401245 0.503657 0.007756 0.008938
2 0.409091 0.502844 0.006494 0.011105
2 0.365891 0.513407 0.007395 0.009480
2 0.381494 0.513543 0.007215 0.010834
2 0.397276 0.513001 0.008478 0.009751
2 0.413600 0.512053 0.007937 0.010563
2 0.355970 0.524377 0.008838 0.009751
2 0.363276 0.523700 0.008297 0.007855
2 0.371212 0.523023 0.007937 0.010834
2 0.378517 0.522887 0.006674 0.010563
2 0.385462 0.523429 0.007937 0.011647
2 0.393308 0.522887 0.007395 0.008938
2 0.400343 0.523294 0.007756 0.009751
2 0.358676 0.535347 0.007756 0.010563
2 0.382215 0.534399 0.007937 0.011376
2 0.390152 0.533315 0.007215 0.012459
2 0.412879 0.532638 0.008658 0.010022
2 0.421356 0.533992 0.007937 0.010563
2 0.362013 0.544420 0.008297 0.008126
2 0.370310 0.545098 0.007576 0.011105
2 0.365620 0.554713 0.007576 0.013001
2 0.409452 0.543472 0.007576 0.011647
2 0.416757 0.542931 0.007395 0.010563
2 0.439304 0.534534 0.007756 0.011647
2 0.405123 0.552952 0.007937 0.010022
2 0.420905 0.552681 0.007035 0.010022
2 0.429113 0.554171 0.007576 0.009209
2 0.436598 0.554442 0.006313 0.011376
2 0.443452 0.544556 0.006674 0.012189
2 0.443633 0.554442 0.006313 0.009751
2 0.450938 0.554171 0.007215 0.010293
2 0.458333 0.552546 0.007215 0.010834
2 0.426317 0.563516 0.007756 0.012730
2 0.421447 0.573673 0.008478 0.010834
2 0.413690 0.573673 0.007395 0.010293
2 0.409001 0.583153 0.007395 0.011918
2 0.413420 0.637459 0.009740 0.012730
2 0.424423 0.649512 0.009019 0.012459
0 0.423250 0.631636 0.008117 0.007584
2 0.423250 0.669691 0.007035 0.009480
2 0.418831 0.679036 0.007576 0.011376
2 0.427670 0.679984 0.007215 0.012730
2 0.431006 0.671858 0.007035 0.010022
2 0.436057 0.681744 0.007035 0.013001
2 0.443182 0.679442 0.006854 0.009480
0 0.438763 0.670504 0.007395 0.011647
2 0.443994 0.659534 0.005952 0.010834
2 0.452020 0.661836 0.007937 0.010022
2 0.458784 0.654659 0.007395 0.012459
2 0.446880 0.670639 0.006674 0.011918
2 0.467352 0.674567 0.006494 0.012189
2 0.467172 0.685265 0.006854 0.010834
2 0.468254 0.696100 0.007576 0.010834
0 0.420455 0.708965 0.007576 0.011105
2 0.458784 0.627302 0.007395 0.009209
2 0.461310 0.703007 0.007395 0.010022
2 0.452020 0.721289 0.006494 0.009751
2 0.457882 0.729144 0.008117 0.009751
2 0.450036 0.731853 0.007937 0.010293
2 0.441198 0.739301 0.008658 0.010563
2 0.446248 0.747698 0.008658 0.013272
2 0.455177 0.743093 0.007395 0.013272
2 0.441108 0.760428 0.006313 0.013272
2 0.448323 0.758126 0.006674 0.012459
2 0.455447 0.756771 0.007215 0.013543
2 0.444354 0.772210 0.007395 0.011918
2 0.447872 0.780336 0.006854 0.013543
2 0.451750 0.789139 0.006674 0.010022
2 0.459596 0.792254 0.007576 0.012459
2 0.455988 0.801869 0.007576 0.014897
2 0.417659 0.339247 0.008117 0.011647
2 0.426407 0.335049 0.009740 0.011376
2 0.442280 0.333965 0.007937 0.013543
2 0.420364 0.347373 0.007035 0.010563
2 0.427489 0.345477 0.007576 0.011647
2 0.453463 0.347644 0.006854 0.011647
2 0.458694 0.356176 0.006494 0.013543
2 0.469517 0.344393 0.010823 0.014355
2 0.477092 0.351436 0.005772 0.011647
2 0.491883 0.340737 0.007937 0.013001
2 0.506674 0.321641 0.007937 0.019231
2 0.509470 0.335590 0.006674 0.011918
2 0.526335 0.341278 0.006854 0.011376
2 0.508297 0.348592 0.006854 0.010293
2 0.516414 0.347779 0.008658 0.009751
2 0.513077 0.358749 0.007756 0.011105
2 0.423882 0.356988 0.008297 0.010834
2 0.435967 0.368364 0.007215 0.010834
2 0.443452 0.367281 0.007035 0.009751
2 0.451389 0.367416 0.005592 0.012730
2 0.458694 0.368635 0.007937 0.009209
2 0.467082 0.368499 0.007035 0.012189
2 0.474297 0.364843 0.007395 0.011918
2 0.489899 0.365114 0.007576 0.011376
2 0.496934 0.362541 0.007576 0.011105
2 0.432449 0.378792 0.007756 0.010022
2 0.440657 0.377709 0.006494 0.011105
2 0.447781 0.376625 0.005592 0.011105
2 0.470328 0.378250 0.007756 0.012189
2 0.478175 0.375677 0.007937 0.013001
2 0.486201 0.377302 0.007395 0.010834
2 0.493957 0.375000 0.007395 0.012189
2 0.501443 0.373239 0.007937 0.010293
2 0.509740 0.372698 0.007576 0.012459
2 0.428030 0.389491 0.007215 0.011376
2 0.425144 0.400054 0.008297 0.010293
2 0.432449 0.400190 0.006313 0.011647
2 0.435516 0.409670 0.008478 0.009480
2 0.444444 0.410211 0.008297 0.010022
2 0.452201 0.410482 0.006494 0.010563
2 0.467172 0.390303 0.007215 0.009751
2 0.474928 0.388272 0.005772 0.011647
2 0.463384 0.399242 0.006854 0.011376
2 0.490260 0.386918 0.007937 0.012189
2 0.497745 0.383938 0.007395 0.010563
2 0.504509 0.385157 0.007215 0.013001
2 0.511905 0.384209 0.007937 0.011105
2 0.520292 0.381636 0.006674 0.011918
2 0.488636 0.399512 0.008658 0.010293
2 0.496392 0.395585 0.006854 0.012189
2 0.503517 0.395314 0.008117 0.010022
2 0.511093 0.395585 0.007035 0.011105
2 0.518759 0.396262 0.007576 0.011918
2 0.525162 0.391928 0.006674 0.011376
2 0.526696 0.380959 0.006854 0.009480
2 0.432900 0.419827 0.007937 0.010293
2 0.440657 0.420368 0.009019 0.011376
2 0.448593 0.419691 0.008658 0.011647
2 0.456439 0.420368 0.007395 0.011918
2 0.463745 0.420910 0.006494 0.010293
2 0.467532 0.430932 0.008658 0.011376
2 0.475289 0.431338 0.007215 0.011105
2 0.491162 0.410618 0.007937 0.012459
2 0.498647 0.407096 0.006674 0.010293
2 0.506764 0.406284 0.007395 0.011918
2 0.514159 0.406826 0.007756 0.011918
2 0.521916 0.407774 0.007756 0.012189
2 0.501443 0.415764 0.007215 0.011376
2 0.495040 0.420368 0.005592 0.009751
2 0.509921 0.416712 0.008297 0.010022
2 0.447240 0.440683 0.008117 0.009209
2 0.478626 0.442037 0.007035 0.010834
2 0.486472 0.442172 0.007576 0.010563
2 0.501894 0.442579 0.007395 0.012459
2 0.459686 0.451788 0.007395 0.010293
2 0.467172 0.453819 0.007576 0.012189
2 0.474206 0.452600 0.006494 0.010293
2 0.489899 0.452194 0.007215 0.013272
2 0.497745 0.452465 0.008117 0.013272
2 0.469246 0.535076 0.007756 0.013272
2 0.464917 0.548077 0.008117 0.012730
2 0.472132 0.546452 0.006313 0.011105
2 0.479347 0.548754 0.007756 0.012459
2 0.487284 0.550921 0.007035 0.013543
2 0.494589 0.552411 0.007937 0.012730
2 0.501894 0.550785 0.007395 0.010563
2 0.508297 0.545233 0.007576 0.013543
2 0.514610 0.540628 0.007215 0.011376
2 0.519120 0.547671 0.008658 0.010834
2 0.481872 0.561078 0.009199 0.012189
2 0.490260 0.562432 0.007576 0.011105
2 0.477904 0.570693 0.007756 0.011918
2 0.486111 0.571235 0.007937 0.013001
2 0.494048 0.571777 0.009019 0.012459
2 0.503427 0.571506 0.008658 0.013001
2 0.506403 0.580715 0.009560 0.011376
2 0.526515 0.577194 0.007576 0.013001
2 0.522367 0.585726 0.007215 0.013272
2 0.523449 0.597779 0.008297 0.012459
2 0.517406 0.603332 0.008838 0.011647
2 0.465458 0.581798 0.007756 0.010834
2 0.478716 0.647616 0.007215 0.012459
2 0.490350 0.637595 0.007756 0.015710
2 0.524080 0.632449 0.006313 0.013543
2 0.526154 0.642335 0.007937 0.010563
2 0.474206 0.669285 0.006854 0.010293
2 0.481602 0.670233 0.007937 0.012189
2 0.487825 0.661159 0.008117 0.011376
2 0.496122 0.660482 0.008478 0.012189
2 0.488997 0.672941 0.006854 0.011647
2 0.510732 0.656690 0.007756 0.008938
2 0.520743 0.651408 0.008297 0.011376
2 0.503968 0.677004 0.006854 0.011105
2 0.498286 0.683911 0.008838 0.010293
2 0.482053 0.681609 0.008117 0.011105
2 0.476732 0.693391 0.009380 0.010834
2 0.474116 0.703548 0.007035 0.010563
2 0.467623 0.708694 0.007035 0.013814
2 0.493867 0.695287 0.008297 0.012459
2 0.489628 0.703007 0.008478 0.010563
2 0.488907 0.714518 0.009560 0.011918
2 0.498377 0.707882 0.007937 0.014355
2 0.505592 0.705715 0.008297 0.011105
2 0.518128 0.697589 0.006313 0.013814
2 0.525072 0.695152 0.007576 0.011105
2 0.514610 0.708288 0.007937 0.010293
2 0.507576 0.718039 0.008297 0.013001
2 0.515783 0.717362 0.007756 0.009480
2 0.523810 0.717633 0.008658 0.008397
2 0.466721 0.733613 0.007035 0.010022
2 0.475469 0.729686 0.008658 0.010834
2 0.463023 0.746479 0.007576 0.015168
2 0.471411 0.738895 0.007395 0.012459
2 0.478986 0.737676 0.006313 0.010022
2 0.486382 0.737811 0.007035 0.010834
2 0.493957 0.738218 0.007035 0.011647
2 0.501804 0.741739 0.007215 0.011105
2 0.512716 0.729280 0.011364 0.008938
2 0.475830 0.748239 0.008297 0.012189
2 0.485480 0.749729 0.008117 0.013543
2 0.492154 0.746343 0.006313 0.008938
2 0.499369 0.750813 0.007756 0.010834
2 0.493506 0.757178 0.007937 0.011647
2 0.480339 0.759886 0.006133 0.013272
2 0.487013 0.764491 0.006133 0.012730
2 0.500722 0.762189 0.006133 0.011918
2 0.486742 0.775190 0.006674 0.012459
2 0.481331 0.785211 0.008117 0.010834
2 0.502706 0.772752 0.007576 0.008667
2 0.509740 0.776273 0.006494 0.012459
2 0.498647 0.782367 0.006674 0.011647
2 0.505592 0.784534 0.006494 0.014355
2 0.511544 0.790764 0.006494 0.013814
2 0.518849 0.793337 0.008117 0.012459
2 0.485119 0.794827 0.007395 0.012730
2 0.492965 0.797264 0.007576 0.012730
2 0.487464 0.803494 0.007756 0.008397
2 0.492063 0.811891 0.008297 0.010022
2 0.476010 0.814464 0.007937 0.008667
2 0.472222 0.823267 0.007215 0.012730
2 0.501353 0.817849 0.007035 0.013814
2 0.507937 0.814193 0.007576 0.011918
2 0.515783 0.817037 0.007395 0.012189
2 0.521104 0.806338 0.008297 0.013001
2 0.526425 0.798754 0.005231 0.012459
2 0.500090 0.836945 0.005231 0.011918
2 0.501172 0.848050 0.008117 0.010293
2 0.508748 0.848050 0.006674 0.011376
2 0.515693 0.852248 0.007576 0.011647
2 0.501082 0.860103 0.008297 0.012189
2 0.488005 0.869447 0.006674 0.008126
2 0.495400 0.869854 0.007395 0.009480
2 0.506313 0.869312 0.006133 0.013272
2 0.513709 0.867687 0.006854 0.011105
2 0.491973 0.879740 0.008117 0.011376
2 0.487464 0.890980 0.007035 0.008938
2 0.495491 0.890439 0.007215 0.008938
2 0.498647 0.898971 0.005952 0.007042
2 0.503157 0.911566 0.007756 0.010022
2 0.511364 0.911566 0.006494 0.009480
2 0.516595 0.905200 0.006494 0.013543
2 0.524170 0.903169 0.006854 0.011105
2 0.521284 0.914951 0.007215 0.010293
2 0.524892 0.924567 0.006854 0.010022
2 0.510281 0.881365 0.006854 0.013001
2 0.517226 0.880011 0.007395 0.014085
2 0.525794 0.884345 0.007937 0.011376
2 0.528319 0.913462 0.006494 0.009480
2 0.536616 0.914816 0.006494 0.011105
2 0.544192 0.917660 0.007576 0.012459
2 0.551046 0.920504 0.006133 0.008938
2 0.554924 0.913055 0.007395 0.010834
2 0.547258 0.908857 0.006854 0.008938
2 0.540314 0.905471 0.006313 0.010293
2 0.537338 0.893418 0.006133 0.010563
2 0.544823 0.890710 0.007035 0.008938
2 0.562771 0.889762 0.007215 0.009209
2 0.558171 0.876761 0.007756 0.012459
2 0.560606 0.866062 0.007576 0.010563
2 0.566468 0.859697 0.007395 0.013001
2 0.534632 0.884074 0.008658 0.009209
2 0.531656 0.874729 0.008117 0.011105
2 0.538059 0.867958 0.007576 0.012730
2 0.534903 0.857124 0.008838 0.012189
2 0.531475 0.847373 0.006674 0.012730
2 0.537969 0.845883 0.007756 0.008667
2 0.554203 0.844393 0.008838 0.010022
2 0.561778 0.843852 0.006674 0.012730
2 0.536346 0.812974 0.008478 0.011105
2 0.552670 0.819339 0.008297 0.013001
2 0.559885 0.821506 0.006133 0.010834
2 0.566829 0.820152 0.008117 0.012459
2 0.585047 0.819881 0.007395 0.011918
2 0.592713 0.820287 0.007215 0.014355
2 0.588294 0.808369 0.008478 0.011105
2 0.596050 0.808505 0.007035 0.009751
2 0.592803 0.799160 0.008117 0.010022
2 0.585498 0.798348 0.007215 0.010563
2 0.577832 0.797535 0.008838 0.010022
2 0.587302 0.787784 0.007937 0.011647
2 0.594787 0.788732 0.006313 0.012459
2 0.541306 0.805255 0.007215 0.011376
2 0.531926 0.789410 0.006494 0.010563
2 0.538961 0.792524 0.007215 0.013001
2 0.546356 0.796587 0.006854 0.011376
2 0.553842 0.799702 0.006674 0.010563
2 0.529131 0.775325 0.006313 0.010022
2 0.535534 0.779252 0.007215 0.010834
2 0.542839 0.781826 0.007035 0.012730
2 0.549513 0.787378 0.007395 0.012459
2 0.556728 0.787107 0.006674 0.014085
2 0.563312 0.787649 0.008297 0.008667
2 0.567370 0.776815 0.007756 0.012459
2 0.559434 0.777492 0.006674 0.008938
2 0.551858 0.776408 0.008478 0.010563
2 0.545635 0.771262 0.007937 0.010563
2 0.538961 0.769908 0.007215 0.012730
2 0.541847 0.761105 0.007937 0.009209
2 0.564755 0.762595 0.008658 0.015439
2 0.558532 0.753386 0.008117 0.011105
2 0.561237 0.745802 0.007395 0.013272
2 0.561688 0.734426 0.008297 0.011105
2 0.568452 0.739843 0.007395 0.010563
2 0.570166 0.748781 0.007576 0.012189
2 0.578102 0.743906 0.007937 0.011647
2 0.573864 0.761241 0.008478 0.012730
2 0.581439 0.767741 0.005952 0.010563
2 0.594156 0.768554 0.005772 0.011105
2 0.592983 0.777898 0.006674 0.010293
2 0.603535 0.772210 0.007215 0.010293
2 0.600289 0.781013 0.006854 0.008397
2 0.608856 0.779794 0.006674 0.008667
2 0.607143 0.761647 0.007937 0.007584
2 0.611472 0.767199 0.007576 0.007855
2 0.586219 0.739572 0.006133 0.011105
2 0.619048 0.731853 0.007215 0.009209
2 0.573593 0.719258 0.007937 0.010563
2 0.580718 0.721018 0.006313 0.011918
2 0.557359 0.710861 0.006854 0.010022
2 0.531746 0.714382 0.006854 0.012189
2 0.536706 0.706528 0.007395 0.011105
2 0.538781 0.716820 0.007937 0.008938
2 0.532017 0.699079 0.005952 0.011376
2 0.607053 0.701111 0.007756 0.012189
2 0.610480 0.710726 0.006313 0.011376
2 0.618146 0.713976 0.007937 0.012459
2 0.610660 0.689057 0.007035 0.014626
2 0.604347 0.685130 0.007395 0.014897
2 0.583874 0.688109 0.006494 0.011105
2 0.557359 0.676327 0.007576 0.013001
2 0.550685 0.670233 0.008297 0.011105
2 0.560335 0.662243 0.008478 0.012459
2 0.568543 0.661295 0.007215 0.010563
2 0.586760 0.665087 0.006494 0.012189
2 0.592983 0.671316 0.007035 0.013272
2 0.606602 0.672806 0.007215 0.007584
2 0.613546 0.677004 0.007756 0.010563
2 0.534091 0.648429 0.010101 0.010834
2 0.561688 0.637730 0.009740 0.010563
2 0.616973 0.631636 0.006674 0.011918
2 0.616162 0.619989 0.007576 0.010293
2 0.543290 0.611728 0.007937 0.012730
2 0.539051 0.604144 0.008478 0.010022
2 0.546356 0.599269 0.006854 0.011105
2 0.544643 0.589382 0.006674 0.010834
2 0.552489 0.589789 0.008297 0.010563
2 0.555285 0.598050 0.008838 0.009209
2 0.558712 0.608342 0.007035 0.011376
2 0.579095 0.596425 0.007035 0.013001
2 0.583604 0.586945 0.008478 0.011376
2 0.599206 0.592226 0.007576 0.008397
2 0.571880 0.590060 0.008478 0.010563
2 0.576479 0.583830 0.007215 0.012189
2 0.579726 0.573402 0.007215 0.010293
2 0.586851 0.577194 0.005952 0.010834
2 0.562320 0.592091 0.007756 0.011918
2 0.559253 0.582069 0.007756 0.011376
2 0.567190 0.582476 0.007395 0.012189
2 0.572060 0.574485 0.006674 0.010293
2 0.564033 0.571641 0.006494 0.010563
2 0.557089 0.570016 0.008117 0.009480
2 0.548521 0.565818 0.006494 0.011376
2 0.540133 0.566360 0.008117 0.010834
2 0.533009 0.571371 0.007215 0.010022
2 0.542478 0.545910 0.007035 0.011647
2 0.569444 0.562839 0.007215 0.010834
2 0.593525 0.570693 0.007756 0.013001
2 0.598665 0.560943 0.007576 0.010834
2 0.606331 0.557692 0.006674 0.014085
2 0.602363 0.570152 0.007756 0.011918
2 0.610390 0.567172 0.008297 0.010834
2 0.619408 0.563516 0.007576 0.010563
2 0.625722 0.570152 0.009740 0.010834
2 0.616342 0.575704 0.006133 0.012189
2 0.615260 0.585455 0.005772 0.008938
2 0.621753 0.581121 0.007576 0.008938
2 0.626263 0.589653 0.006854 0.012459
2 0.632215 0.599133 0.007215 0.011918
2 0.565657 0.537378 0.006854 0.011918
2 0.570797 0.528846 0.007756 0.010022
2 0.578553 0.529930 0.007035 0.010563
2 0.573323 0.539139 0.007756 0.010022
2 0.580718 0.538868 0.007756 0.011105
2 0.608135 0.520720 0.008838 0.010022
2 0.616071 0.523564 0.006313 0.012459
2 0.626443 0.528440 0.010462 0.009209
2 0.625902 0.540493 0.007576 0.012189
2 0.617244 0.540899 0.008658 0.014626
2 0.609939 0.544420 0.007035 0.014085
2 0.602543 0.548754 0.007395 0.011376
2 0.608135 0.533044 0.007756 0.010834
2 0.613817 0.511647 0.008658 0.010293
2 0.615260 0.488624 0.007937 0.011918
2 0.631133 0.478061 0.007215 0.010834
2 0.598124 0.485374 0.007215 0.010293
2 0.601281 0.475894 0.008478 0.011376
2 0.585588 0.474675 0.008117 0.011647
2 0.566649 0.503927 0.008478 0.012730
2 0.589105 0.465330 0.007937 0.011376
2 0.553932 0.471425 0.008297 0.010022
2 0.550144 0.461403 0.008297 0.011105
2 0.573954 0.458153 0.009740 0.010563
2 0.600018 0.453954 0.008478 0.009751
2 0.564845 0.438922 0.007756 0.011105
2 0.533279 0.442308 0.009199 0.011918
2 0.523178 0.461538 0.008838 0.010834
2 0.582431 0.436620 0.007576 0.010834
2 0.590458 0.433234 0.006674 0.010563
2 0.597673 0.431203 0.007035 0.009751
2 0.604798 0.429171 0.006854 0.010563
2 0.578102 0.427411 0.006854 0.010834
2 0.541757 0.419014 0.007395 0.010834
2 0.546356 0.427817 0.007576 0.009480
2 0.549964 0.418066 0.007215 0.011105
2 0.551948 0.407638 0.007576 0.011376
2 0.565566 0.415087 0.005952 0.012189
2 0.567641 0.403711 0.007215 0.008397
2 0.588023 0.413055 0.007215 0.010834
2 0.595779 0.410076 0.006494 0.010834
2 0.603175 0.406419 0.007576 0.008938
2 0.593885 0.421452 0.007035 0.010834
2 0.601100 0.418202 0.006674 0.011376
2 0.607413 0.415358 0.005592 0.011105
2 0.614809 0.413732 0.008838 0.008938
2 0.539863 0.396262 0.006494 0.011376
2 0.547348 0.394908 0.006674 0.009209
2 0.554113 0.395991 0.006494 0.011918
2 0.544102 0.384345 0.007756 0.009751
2 0.553391 0.381907 0.008297 0.010834
2 0.546176 0.372698 0.006854 0.009751
2 0.554834 0.369177 0.009019 0.007584
2 0.543200 0.364301 0.008838 0.011376
2 0.531475 0.354957 0.008838 0.011105
2 0.533460 0.343716 0.006674 0.009751
2 0.558712 0.359290 0.005952 0.010022
2 0.565566 0.353196 0.006674 0.010834
2 0.565566 0.386241 0.007035 0.008126
2 0.569625 0.375948 0.006854 0.010834
2 0.579636 0.374323 0.007035 0.011918
2 0.588294 0.377438 0.008117 0.012189
2 0.595869 0.380146 0.006674 0.012730
2 0.590639 0.391387 0.008117 0.010834
2 0.611291 0.391387 0.007215 0.010834
2 0.619138 0.389085 0.006674 0.012730
2 0.624098 0.410618 0.007576 0.009751
2 0.630862 0.405200 0.006313 0.011918
2 0.632035 0.390574 0.007215 0.009751
2 0.615620 0.379469 0.007215 0.011376
2 0.615530 0.366468 0.006674 0.010834
2 0.616162 0.354821 0.007576 0.010834
2 0.574315 0.366468 0.008658 0.009209
2 0.583243 0.364166 0.007756 0.009480
2 0.589015 0.350352 0.006313 0.010563
2 0.596501 0.344258 0.006854 0.010834
2 0.606061 0.348592 0.007215 0.011376
2 0.607864 0.338164 0.008297 0.010022
2 0.601551 0.332882 0.005411 0.012459
2 0.596411 0.329767 0.005952 0.011647
2 0.567641 0.337893 0.007937 0.011647
2 0.562500 0.327736 0.006313 0.009751
2 0.556006 0.333288 0.008117 0.011647
2 0.553120 0.345612 0.007395 0.012459
2 0.560155 0.344393 0.006674 0.010022
2 0.532738 0.331934 0.007035 0.011105
2 0.539863 0.332611 0.008658 0.010293
2 0.622926 0.346018 0.008478 0.012730
2 0.631944 0.338434 0.007395 0.013272
2 0.642226 0.348321 0.007035 0.013001
2 0.649802 0.351977 0.007035 0.012730
2 0.658189 0.352248 0.009019 0.010022
2 0.635462 0.366062 0.008297 0.010563
2 0.631764 0.376083 0.006674 0.012189
2 0.638077 0.380823 0.006674 0.008667
2 0.643849 0.369854 0.007756 0.010022
2 0.651425 0.364166 0.006313 0.012189
2 0.657828 0.369312 0.007215 0.007855
2 0.663510 0.362134 0.007035 0.009209
2 0.648449 0.378657 0.005772 0.010834
2 0.663871 0.376083 0.006313 0.010563
2 0.658099 0.382042 0.005952 0.013272
2 0.651966 0.389085 0.007756 0.009480
2 0.664412 0.390168 0.006313 0.010022
2 0.671717 0.392606 0.006494 0.010022
2 0.679203 0.385022 0.006674 0.010022
2 0.687410 0.372698 0.006854 0.010834
2 0.686328 0.383397 0.006494 0.010022
2 0.696068 0.379469 0.007215 0.009209
2 0.702832 0.386782 0.007395 0.009751
2 0.693723 0.390574 0.007576 0.009209
2 0.687229 0.394366 0.007576 0.011376
2 0.680105 0.396398 0.006674 0.011647
2 0.674062 0.405065 0.006854 0.010563
2 0.666126 0.401950 0.007215 0.010293
2 0.651966 0.408044 0.007756 0.011105
2 0.659452 0.411701 0.006494 0.010293
2 0.666126 0.413868 0.006494 0.010834
2 0.673611 0.417389 0.007395 0.011376
2 0.680465 0.420233 0.005592 0.011105
2 0.687771 0.419150 0.006494 0.010563
2 0.694715 0.405607 0.007035 0.010563
2 0.700577 0.398294 0.006133 0.010563
2 0.702291 0.408315 0.007035 0.010563
2 0.709867 0.410618 0.006313 0.009751
2 0.696609 0.416847 0.008658 0.010834
2 0.692731 0.427004 0.008478 0.010563
2 0.684253 0.429713 0.007035 0.009480
2 0.689665 0.436891 0.008117 0.011376
2 0.687771 0.448402 0.006494 0.011647
2 0.647727 0.415899 0.007937 0.009480
2 0.654401 0.419150 0.007215 0.011105
2 0.662067 0.422941 0.007035 0.011105
2 0.669372 0.425785 0.006854 0.010293
2 0.647908 0.427681 0.007215 0.011918
2 0.640873 0.434995 0.006854 0.011376
2 0.647547 0.440276 0.007576 0.010563
2 0.665404 0.446777 0.007215 0.010563
2 0.671627 0.440953 0.006313 0.012459
2 0.710408 0.422264 0.006313 0.010834
2 0.639430 0.473321 0.007576 0.009480
2 0.646104 0.479280 0.007576 0.010563
2 0.652778 0.475217 0.007215 0.010563
2 0.688402 0.487676 0.007395 0.010022
2 0.695978 0.482530 0.007035 0.011647
2 0.715097 0.458288 0.006674 0.010834
2 0.719426 0.447454 0.005592 0.010834
2 0.726281 0.446777 0.007035 0.008938
2 0.721952 0.458153 0.006674 0.011105
2 0.730880 0.436891 0.006494 0.010834
2 0.716540 0.393689 0.006313 0.010022
2 0.637175 0.507990 0.006674 0.011647
2 0.644120 0.504334 0.007215 0.012459
2 0.651786 0.501490 0.006674 0.010022
2 0.637897 0.517606 0.007756 0.008667
2 0.645292 0.515168 0.008838 0.011376
2 0.663149 0.514897 0.008117 0.009751
2 0.659993 0.524242 0.008297 0.011105
2 0.669462 0.522210 0.007395 0.014085
2 0.677579 0.515845 0.007035 0.011105
2 0.683442 0.510157 0.007215 0.010563
2 0.690386 0.515033 0.007395 0.010563
2 0.700397 0.510022 0.008658 0.010834
2 0.720869 0.500000 0.007035 0.010293
2 0.718164 0.489030 0.005952 0.010022
2 0.725559 0.488759 0.007756 0.010022
2 0.726461 0.466685 0.008117 0.010293
2 0.639971 0.527221 0.008297 0.007313
2 0.636995 0.533451 0.009921 0.007855
2 0.648359 0.534940 0.007395 0.010834
2 0.664683 0.532638 0.007937 0.009480
2 0.672799 0.535076 0.005772 0.011105
2 0.677579 0.527492 0.007395 0.011105
2 0.685516 0.523700 0.006313 0.012189
2 0.683261 0.533451 0.007215 0.009480
2 0.699495 0.533180 0.006133 0.011105
2 0.707341 0.532232 0.008117 0.008667
2 0.702381 0.542795 0.007576 0.007584
2 0.699675 0.554442 0.007576 0.010834
2 0.659091 0.542795 0.009019 0.013001
2 0.650523 0.545098 0.007035 0.011105
2 0.640873 0.547806 0.006854 0.011647
2 0.655664 0.553223 0.008297 0.009480
2 0.677489 0.542254 0.006133 0.010834
2 0.686508 0.545233 0.006854 0.011376
2 0.642857 0.566631 0.007215 0.011918
2 0.659632 0.563109 0.007215 0.011918
2 0.647727 0.576111 0.008297 0.009209
2 0.656205 0.573673 0.009019 0.009209
2 0.681006 0.571371 0.006674 0.008938
2 0.690566 0.575433 0.007035 0.009480
2 0.678030 0.582205 0.006494 0.010022
2 0.686598 0.584913 0.007756 0.010563
2 0.653860 0.584913 0.008658 0.010022
2 0.657468 0.595070 0.007937 0.011376
2 0.683081 0.596425 0.006854 0.011376
2 0.678391 0.604550 0.007937 0.009751
2 0.670364 0.605363 0.008117 0.011376
2 0.732504 0.394095 0.007215 0.009751
2 0.738276 0.400460 0.006854 0.008938
2 0.744318 0.402763 0.006313 0.009751
2 0.753698 0.377031 0.006313 0.010834
2 0.765422 0.374458 0.014610 0.011647
2 0.753608 0.360103 0.008297 0.014355
2 0.742695 0.424837 0.007035 0.011647
2 0.750180 0.424296 0.007937 0.010022
2 0.745761 0.435536 0.008478 0.010293
2 0.734668 0.445423 0.007576 0.011647
2 0.741793 0.446100 0.007756 0.012459
0 0.373377 0.557692 0.008658 0.013001
