3 0.494093 0.528553 0.649260 0.905155
2 0.181484 0.211482 0.021387 0.026636
2 0.200552 0.208980 0.023449 0.026183
2 0.220771 0.204927 0.022951 0.028911
2 0.237363 0.200522 0.023266 0.026119
2 0.260847 0.194234 0.026544 0.029794
2 0.281346 0.192642 0.021106 0.030628
2 0.298521 0.193997 0.024377 0.026669
2 0.319765 0.189517 0.024407 0.033128
2 0.340607 0.187434 0.020859 0.029794
2 0.360934 0.188684 0.023495 0.030628
2 0.381494 0.187329 0.024377 0.033336
2 0.401781 0.185142 0.025546 0.034378
2 0.422281 0.189517 0.022425 0.032711
2 0.443580 0.182194 0.023118 0.037232
2 0.464392 0.187715 0.021176 0.033399
2 0.487026 0.183442 0.025640 0.033961
2 0.510123 0.176984 0.022993 0.029794
2 0.531371 0.176358 0.020535 0.033128
2 0.549944 0.173308 0.019841 0.032890
2 0.568829 0.170406 0.021753 0.030568
2 0.588145 0.171276 0.018682 0.032696
2 0.607406 0.166164 0.021903 0.039110
2 0.628987 0.165085 0.022805 0.033857
2 0.651341 0.158135 0.021387 0.030791
2 0.671375 0.154251 0.019455 0.033857
2 0.699923 0.132694 0.028840 0.034080
2 0.690637 0.156781 0.020872 0.033500
2 0.712539 0.153767 0.022160 0.032503
2 0.746048 0.131422 0.027551 0.031535
2 0.735547 0.156960 0.025361 0.033857
2 0.785269 0.125327 0.024093 0.031729
2 0.757376 0.158217 0.021130 0.031729
2 0.778763 0.149995 0.022933 0.029601
2 0.806151 0.132196 0.023300 0.031535
2 0.797251 0.161796 0.026670 0.033857
2 0.193626 0.234108 0.022355 0.028350
2 0.210588 0.234469 0.019240 0.032322
2 0.228565 0.228661 0.023248 0.025280
2 0.248857 0.223771 0.019541 0.031148
2 0.269751 0.219633 0.023048 0.026484
2 0.288640 0.218730 0.021745 0.026484
2 0.201169 0.260712 0.023613 0.025362
2 0.212975 0.282750 0.020661 0.033488
2 0.225797 0.305932 0.022691 0.031591
2 0.238474 0.331910 0.024433 0.028390
2 0.246966 0.355665 0.025703 0.027311
2 0.256812 0.381155 0.021645 0.030890
2 0.269213 0.404613 0.023900 0.030407
2 0.280862 0.427652 0.017136 0.027279
2 0.292511 0.454834 0.026605 0.030181
2 0.305137 0.484660 0.025403 0.030246
2 0.318666 0.510730 0.023599 0.030923
2 0.326106 0.532737 0.021946 0.031600
2 0.338807 0.557001 0.020893 0.029568
2 0.348878 0.583410 0.021495 0.029568
2 0.360753 0.608915 0.021795 0.029568
2 0.372327 0.631035 0.019390 0.031374
2 0.380895 0.652591 0.021495 0.030697
2 0.392244 0.680692 0.018939 0.031374
2 0.406298 0.707326 0.019390 0.038146
2 0.418677 0.732655 0.017522 0.032116
2 0.428662 0.757128 0.021774 0.028440
2 0.439034 0.780248 0.021903 0.034437
2 0.448761 0.801433 0.018682 0.028827
2 0.460228 0.826584 0.022289 0.033857
2 0.471179 0.852992 0.019455 0.033277
2 0.483419 0.879497 0.022032 0.030181
2 0.493919 0.899328 0.020872 0.031535
2 0.506352 0.924769 0.021259 0.033664
2 0.519043 0.952338 0.021387 0.044304
2 0.529415 0.920029 0.021001 0.033470
2 0.515693 0.902327 0.021903 0.032890
2 0.537982 0.898844 0.022418 0.032116
2 0.503904 0.874080 0.020485 0.035598
2 0.525163 0.873209 0.022032 0.037726
2 0.546357 0.872532 0.020357 0.035985
2 0.492120 0.848639 0.026291 0.035018
2 0.515307 0.850284 0.018811 0.038307
2 0.536179 0.844189 0.020357 0.035405
2 0.556729 0.843996 0.019455 0.043530
2 0.481193 0.828799 0.020825 0.031764
2 0.502182 0.823154 0.020951 0.044795
2 0.522787 0.819821 0.020535 0.043129
2 0.545126 0.817946 0.021368 0.038962
2 0.566354 0.819612 0.021923 0.038545
2 0.469368 0.802215 0.023865 0.035003
2 0.489140 0.802319 0.023171 0.028544
2 0.511964 0.797527 0.018038 0.028544
2 0.531806 0.797215 0.020258 0.037086
2 0.551231 0.790235 0.020535 0.033961
2 0.575373 0.791485 0.021645 0.034795
2 0.585224 0.769921 0.021090 0.032919
2 0.593937 0.740448 0.021194 0.037243
2 0.604985 0.716861 0.021645 0.033857
2 0.613026 0.687857 0.022096 0.032277
2 0.622271 0.661110 0.021946 0.037468
2 0.631515 0.635378 0.022397 0.032051
2 0.640308 0.612130 0.021044 0.033857
2 0.648876 0.582336 0.023449 0.034308
2 0.658947 0.557169 0.021044 0.030923
2 0.667740 0.532115 0.020292 0.032277
2 0.675632 0.505255 0.021344 0.030471
2 0.686229 0.476025 0.018488 0.033406
2 0.695323 0.449616 0.021044 0.032503
2 0.703665 0.423772 0.021194 0.031374
2 0.712308 0.396912 0.020743 0.029568
2 0.722755 0.372648 0.021495 0.032503
2 0.731247 0.345563 0.021946 0.029343
2 0.738913 0.319041 0.020142 0.030471
2 0.750337 0.294777 0.021044 0.032051
2 0.757176 0.267917 0.021194 0.030697
2 0.768450 0.236092 0.019992 0.034308
2 0.779197 0.213859 0.021946 0.032277
2 0.786487 0.185532 0.020593 0.033857
2 0.768224 0.185645 0.021645 0.032728
2 0.757101 0.209457 0.024651 0.032954
2 0.748082 0.237559 0.024651 0.031826
2 0.739439 0.260017 0.020593 0.033406
2 0.729970 0.289021 0.021495 0.032277
2 0.722229 0.316784 0.021344 0.031826
2 0.712533 0.342290 0.018188 0.030471
2 0.703440 0.367795 0.019541 0.034083
2 0.694195 0.395107 0.020893 0.030020
2 0.685252 0.421402 0.022848 0.033857
2 0.674429 0.450632 0.021044 0.031826
2 0.667214 0.477492 0.021044 0.029117
2 0.656241 0.504465 0.020743 0.032503
2 0.647673 0.528616 0.021645 0.030246
2 0.637076 0.556717 0.022697 0.032728
2 0.629185 0.583126 0.019841 0.030020
2 0.620016 0.609873 0.022246 0.030697
2 0.611373 0.638425 0.019691 0.034083
2 0.601077 0.666527 0.021044 0.027086
2 0.591607 0.689211 0.022547 0.032728
2 0.581837 0.716296 0.020443 0.033631
2 0.572968 0.743608 0.020743 0.032277
2 0.563273 0.767421 0.021495 0.038371
2 0.542906 0.762906 0.021344 0.041080
2 0.552300 0.736949 0.018488 0.032954
2 0.562146 0.713701 0.020443 0.032051
2 0.569812 0.687067 0.020443 0.037468
2 0.581686 0.666075 0.020443 0.031600
2 0.590404 0.638087 0.020142 0.030697
2 0.598596 0.611001 0.022096 0.033406
2 0.608592 0.584931 0.022848 0.030923
2 0.618062 0.559426 0.022246 0.035437
2 0.626630 0.528842 0.021946 0.032954
2 0.637076 0.502659 0.022096 0.034308
2 0.645419 0.474896 0.021946 0.031148
2 0.653987 0.450181 0.021344 0.032277
2 0.664208 0.421854 0.021044 0.033406
2 0.673753 0.391721 0.021495 0.032277
2 0.683072 0.365764 0.024802 0.031826
2 0.693594 0.341838 0.021495 0.032277
2 0.701034 0.315091 0.022547 0.032503
2 0.711632 0.285297 0.018789 0.030697
2 0.720049 0.261484 0.023900 0.028666
2 0.727218 0.234813 0.022032 0.036759
2 0.736365 0.206663 0.018682 0.032696
2 0.746930 0.185478 0.024093 0.032890
2 0.723997 0.179577 0.021001 0.033857
2 0.703253 0.182770 0.022547 0.031729
2 0.717039 0.210339 0.024093 0.032309
2 0.682381 0.182673 0.021774 0.032696
2 0.695910 0.208501 0.021001 0.035598
2 0.706023 0.235780 0.021903 0.032890
2 0.661574 0.185091 0.022418 0.032890
2 0.675682 0.211403 0.021774 0.035985
2 0.685602 0.240326 0.021259 0.032696
2 0.699646 0.262769 0.022032 0.031148
2 0.640315 0.185478 0.020872 0.038307
2 0.653199 0.211693 0.021645 0.033083
2 0.667050 0.238102 0.018939 0.036759
2 0.677679 0.267315 0.021903 0.030955
2 0.692946 0.289951 0.022805 0.033277
2 0.619594 0.190366 0.020202 0.037649
2 0.633392 0.215014 0.020022 0.032232
2 0.647191 0.241016 0.020924 0.032774
2 0.656180 0.265822 0.021645 0.035888
2 0.670835 0.296971 0.021495 0.034986
2 0.679027 0.321009 0.022547 0.032954
2 0.669107 0.346853 0.021344 0.031826
2 0.657984 0.322138 0.018939 0.031600
2 0.649566 0.294262 0.020443 0.032277
2 0.635587 0.265709 0.019240 0.036566
2 0.625065 0.243138 0.021946 0.032954
2 0.613416 0.217294 0.021495 0.034986
2 0.599963 0.196867 0.021344 0.032503
2 0.578168 0.199169 0.021886 0.032683
2 0.589591 0.222914 0.020924 0.038642
2 0.602819 0.242416 0.021645 0.032503
2 0.615746 0.267605 0.022246 0.036656
2 0.628673 0.293608 0.022126 0.032683
2 0.638593 0.321957 0.020322 0.030878
2 0.648694 0.346334 0.019120 0.032683
2 0.660479 0.373330 0.022006 0.031780
2 0.651679 0.397921 0.019148 0.033336
2 0.642591 0.423965 0.022339 0.033753
2 0.631629 0.451780 0.022061 0.029794
2 0.624761 0.480324 0.021368 0.032711
2 0.615534 0.505534 0.020674 0.031878
2 0.605336 0.537308 0.020813 0.030003
2 0.595970 0.563768 0.020951 0.031253
2 0.585425 0.585749 0.021784 0.031878
2 0.577794 0.613564 0.020951 0.033753
2 0.570609 0.642800 0.021387 0.031922
2 0.559078 0.663114 0.022289 0.033083
2 0.549028 0.690974 0.021516 0.038113
2 0.539301 0.718930 0.019068 0.031342
2 0.529123 0.745242 0.021387 0.032890
2 0.522423 0.773101 0.020357 0.031342
2 0.502066 0.773391 0.021130 0.039661
2 0.481581 0.775423 0.021645 0.032116
2 0.460387 0.778808 0.020228 0.033470
2 0.448018 0.754818 0.018682 0.032696
2 0.469341 0.749401 0.021903 0.031535
2 0.488023 0.747176 0.019326 0.031342
2 0.507156 0.745338 0.019197 0.033083
2 0.518365 0.718736 0.021774 0.037920
2 0.497944 0.715834 0.021130 0.037533
2 0.477587 0.719413 0.022418 0.036566
0 0.455298 0.730828 0.020872 0.031148
2 0.435134 0.726862 0.019712 0.033664
2 0.422701 0.701227 0.022160 0.031922
2 0.444668 0.701324 0.021516 0.033277
2 0.463994 0.692811 0.023578 0.033277
2 0.484931 0.693779 0.021645 0.032116
2 0.509797 0.688652 0.020614 0.035792
2 0.528994 0.688459 0.018811 0.036566
2 0.538141 0.665146 0.020614 0.033664
2 0.517592 0.657504 0.020228 0.040822
2 0.496462 0.664662 0.023578 0.038113
2 0.476878 0.664372 0.022032 0.030181
2 0.454396 0.669305 0.021387 0.028827
2 0.433653 0.676173 0.021903 0.030568
2 0.410977 0.674432 0.022676 0.034050
2 0.402216 0.652473 0.022418 0.031148
2 0.423539 0.649281 0.019197 0.030568
2 0.443380 0.644154 0.022289 0.034244
2 0.463350 0.638737 0.020228 0.036566
2 0.483578 0.636996 0.021774 0.033470
2 0.503677 0.635738 0.018939 0.030181
2 0.528994 0.636996 0.021387 0.031535
2 0.548771 0.637189 0.020485 0.031535
2 0.558111 0.613006 0.019841 0.030375
2 0.538077 0.611942 0.021774 0.032503
2 0.516883 0.616585 0.021645 0.032116
2 0.494014 0.611361 0.021516 0.028246
2 0.472562 0.613296 0.022160 0.031729
2 0.451175 0.613876 0.018295 0.030568
2 0.432944 0.622002 0.020743 0.031342
2 0.412652 0.625388 0.021903 0.030761
2 0.392037 0.628387 0.020872 0.029794
2 0.378767 0.603526 0.021903 0.029988
2 0.399768 0.600527 0.022418 0.030568
2 0.420060 0.598012 0.019455 0.030181
2 0.439966 0.591241 0.022160 0.031342
2 0.462319 0.591434 0.020743 0.028246
2 0.483836 0.586984 0.023835 0.030955
2 0.505287 0.588919 0.021130 0.031342
2 0.525000 0.589112 0.021130 0.030568
2 0.545678 0.584372 0.022032 0.034631
2 0.566100 0.586887 0.019841 0.034631
2 0.575698 0.556900 0.019970 0.035018
2 0.555470 0.558835 0.020485 0.031922
2 0.532150 0.563091 0.021259 0.030375
2 0.511794 0.562027 0.019197 0.030181
2 0.492146 0.564252 0.021645 0.030761
2 0.471467 0.565413 0.019455 0.027279
2 0.451239 0.565703 0.021259 0.029020
2 0.430110 0.565606 0.022032 0.033083
2 0.410526 0.572958 0.021516 0.028053
2 0.388881 0.578472 0.021774 0.025925
2 0.369040 0.582051 0.019455 0.029988
2 0.356607 0.555642 0.022676 0.030181
2 0.376512 0.554191 0.024093 0.031148
2 0.396193 0.551637 0.019185 0.032503
2 0.416546 0.544568 0.028409 0.030923
2 0.439770 0.541408 0.022246 0.031826
2 0.459611 0.540392 0.019841 0.033406
2 0.478701 0.539941 0.021344 0.031148
2 0.500045 0.537796 0.020443 0.031826
2 0.520638 0.535765 0.021645 0.029568
2 0.543034 0.533959 0.022246 0.029117
2 0.563176 0.528542 0.020443 0.030471
2 0.585798 0.533508 0.020593 0.029568
2 0.595719 0.509356 0.019691 0.031826
2 0.574450 0.506874 0.021044 0.030020
2 0.549498 0.508454 0.021946 0.033180
2 0.530483 0.510598 0.018488 0.029343
2 0.510717 0.512516 0.021344 0.032277
2 0.489298 0.515225 0.021495 0.027763
2 0.469531 0.514322 0.019541 0.029117
2 0.450141 0.513871 0.021946 0.029117
2 0.428571 0.518836 0.022998 0.031374
2 0.404747 0.523125 0.022246 0.031826
2 0.386033 0.525269 0.018789 0.029343
2 0.368221 0.529106 0.021344 0.030697
2 0.346501 0.527414 0.022697 0.029568
2 0.338008 0.502924 0.020443 0.031600
2 0.356797 0.501682 0.024351 0.029117
2 0.376037 0.500215 0.021946 0.029343
2 0.393924 0.495137 0.022547 0.028666
2 0.414592 0.495588 0.022697 0.032277
2 0.436463 0.488817 0.022848 0.030471
2 0.458634 0.488478 0.019390 0.028891
2 0.477197 0.488929 0.021645 0.031148
2 0.501172 0.490622 0.021495 0.031826
2 0.521915 0.486785 0.021194 0.031826
2 0.541456 0.481481 0.022096 0.033406
2 0.564905 0.480239 0.021495 0.031374
2 0.584896 0.482609 0.019390 0.032503
2 0.603685 0.482497 0.020593 0.033180
2 0.611689 0.453683 0.019425 0.029169
2 0.621817 0.426702 0.019703 0.034795
2 0.631807 0.401492 0.021368 0.030628
2 0.640271 0.374823 0.019703 0.031044
2 0.628977 0.347695 0.021645 0.033586
2 0.620860 0.373281 0.022006 0.031711
2 0.611481 0.399721 0.020951 0.033753
2 0.602254 0.426910 0.021368 0.029794
2 0.592819 0.452538 0.020535 0.032294
2 0.573116 0.455454 0.020813 0.031461
2 0.551818 0.456184 0.020951 0.032919
2 0.562432 0.432119 0.021923 0.029794
1 0.582161 0.430255 0.019841 0.027898
2 0.589489 0.406700 0.021090 0.032711
2 0.569439 0.405242 0.020951 0.030628
2 0.577972 0.379302 0.020535 0.030419
2 0.599409 0.379198 0.021784 0.033128
2 0.607179 0.349612 0.020951 0.033544
2 0.586575 0.352112 0.021645 0.033544
2 0.597259 0.323777 0.021923 0.032294
2 0.618626 0.318985 0.021090 0.033961
2 0.607110 0.298671 0.021090 0.032503
2 0.594831 0.271168 0.020951 0.032919
2 0.586228 0.300337 0.020951 0.031253
2 0.575822 0.327110 0.021784 0.031461
2 0.564999 0.353154 0.021506 0.031461
2 0.557992 0.380136 0.019148 0.033336
2 0.549182 0.407013 0.021229 0.031253
2 0.540926 0.433682 0.020813 0.032503
2 0.529757 0.455975 0.021506 0.028336
2 0.508528 0.462122 0.021506 0.031878
2 0.488132 0.465455 0.019564 0.031461
2 0.467389 0.460976 0.021368 0.029586
2 0.446992 0.465768 0.021368 0.032086
2 0.424654 0.462851 0.022200 0.031253
2 0.404396 0.469101 0.022478 0.028336
2 0.382265 0.472748 0.025391 0.030628
2 0.363257 0.474102 0.020119 0.027502
2 0.343693 0.475560 0.026501 0.030836
2 0.322672 0.481290 0.018038 0.028544
2 0.311919 0.453475 0.022894 0.029169
2 0.329887 0.450662 0.024698 0.031461
2 0.350977 0.449516 0.022478 0.030419
2 0.371304 0.445766 0.024836 0.027919
2 0.391770 0.443995 0.020535 0.030628
2 0.411819 0.435453 0.022061 0.029377
2 0.435199 0.440037 0.022200 0.028961
2 0.456635 0.438786 0.024281 0.034378
2 0.474881 0.435244 0.020258 0.033128
2 0.495139 0.437536 0.021368 0.026461
2 0.517685 0.434724 0.021784 0.032919
2 0.527467 0.409409 0.022200 0.028544
2 0.504435 0.412430 0.021368 0.030003
2 0.485981 0.410555 0.020535 0.033753
2 0.465515 0.410347 0.020951 0.032919
2 0.444980 0.412430 0.021506 0.030003
2 0.423405 0.415451 0.024143 0.031044
2 0.397181 0.414201 0.021368 0.027711
2 0.378242 0.420868 0.018454 0.031461
2 0.358123 0.422743 0.023449 0.028961
2 0.335992 0.425139 0.023033 0.030419
2 0.319134 0.423473 0.019841 0.027502
2 0.298252 0.428056 0.024143 0.030003
2 0.291411 0.400249 0.019455 0.031342
2 0.308353 0.399669 0.022676 0.028633
2 0.327421 0.397637 0.022933 0.031922
2 0.346747 0.399185 0.020614 0.031535
2 0.365300 0.396476 0.022933 0.028440
2 0.386043 0.392704 0.026799 0.030181
2 0.409750 0.392607 0.020357 0.031535
2 0.429720 0.387480 0.021903 0.032890
2 0.453233 0.388447 0.022547 0.031342
2 0.475007 0.379645 0.020743 0.033470
2 0.494784 0.383611 0.023964 0.029794
2 0.515849 0.387577 0.021259 0.028053
2 0.537430 0.385545 0.020357 0.033277
2 0.544709 0.357589 0.021516 0.033083
2 0.524868 0.358750 0.019970 0.031535
2 0.505220 0.358073 0.021130 0.031342
2 0.485894 0.355558 0.020099 0.032503
2 0.464313 0.361072 0.024608 0.026118
2 0.442475 0.363006 0.021387 0.031148
2 0.417609 0.366005 0.027314 0.031729
2 0.396415 0.370068 0.021259 0.027859
2 0.375092 0.365231 0.022160 0.025538
2 0.358214 0.370261 0.022676 0.028246
2 0.337020 0.370358 0.022289 0.026118
2 0.317114 0.371809 0.019584 0.029407
2 0.297209 0.372583 0.022032 0.027473
2 0.276530 0.378290 0.021387 0.027666
2 0.270732 0.352946 0.024479 0.029601
2 0.287932 0.347819 0.016620 0.032116
2 0.305841 0.346948 0.024093 0.033857
2 0.326520 0.346852 0.026799 0.032116
2 0.347005 0.347045 0.021130 0.031342
2 0.365622 0.341821 0.023320 0.030955
2 0.386623 0.342015 0.025124 0.031729
2 0.406658 0.341531 0.019841 0.025344
2 0.427465 0.342692 0.022805 0.031922
2 0.450205 0.337662 0.023706 0.033083
2 0.472366 0.337372 0.020357 0.030568
2 0.492722 0.329439 0.023706 0.031342
2 0.514110 0.329633 0.019584 0.031729
2 0.533178 0.334663 0.021387 0.031342
2 0.553792 0.331181 0.021387 0.030955
2 0.564293 0.302354 0.021259 0.029407
2 0.543163 0.307287 0.021259 0.033857
2 0.520230 0.305546 0.021516 0.031922
2 0.500839 0.305159 0.019068 0.031535
2 0.480225 0.307094 0.021645 0.032309
2 0.459997 0.308255 0.020872 0.034631
2 0.437708 0.310673 0.023191 0.027086
2 0.415483 0.318315 0.021001 0.031922
2 0.394740 0.318122 0.022805 0.031535
2 0.373159 0.315606 0.021903 0.027279
2 0.354671 0.317154 0.018682 0.033857
2 0.334443 0.321894 0.023062 0.027473
2 0.311639 0.319089 0.023578 0.027279
2 0.294052 0.317154 0.020099 0.031535
2 0.275757 0.324603 0.022676 0.026699
2 0.255658 0.333115 0.020872 0.031342
2 0.244706 0.305740 0.021645 0.027279
2 0.266351 0.300806 0.024995 0.033277
2 0.279622 0.294518 0.022933 0.025731
2 0.301718 0.292680 0.023320 0.026312
2 0.324136 0.297517 0.024093 0.032503
2 0.344042 0.293841 0.021387 0.026312
2 0.363368 0.292197 0.020872 0.025344
2 0.384690 0.291810 0.022032 0.031148
2 0.403630 0.290165 0.027700 0.032116
2 0.427014 0.290746 0.022418 0.032503
2 0.448402 0.284845 0.024479 0.033083
2 0.468372 0.279234 0.020872 0.026118
2 0.491692 0.279138 0.022933 0.031729
2 0.513337 0.278364 0.019326 0.029407
2 0.532856 0.279912 0.021001 0.032890
2 0.552439 0.279815 0.022289 0.032696
2 0.574471 0.278364 0.020743 0.031729
2 0.234232 0.280496 0.024761 0.027578
2 0.251986 0.275325 0.024420 0.025835
2 0.272174 0.272096 0.024004 0.022294
2 0.292362 0.269179 0.020535 0.030211
2 0.312828 0.266470 0.021506 0.031878
2 0.331212 0.269074 0.023865 0.029169
2 0.350568 0.268866 0.022339 0.032919
2 0.370132 0.268554 0.022339 0.033544
2 0.389696 0.264907 0.021784 0.027502
2 0.413352 0.266574 0.024698 0.033336
2 0.435136 0.261053 0.022200 0.029794
2 0.457406 0.258240 0.021506 0.027919
2 0.479398 0.255636 0.021923 0.029794
2 0.502083 0.255844 0.021506 0.037711
2 0.522965 0.254073 0.018315 0.031669
2 0.541627 0.252094 0.019286 0.033544
2 0.561399 0.255115 0.020813 0.035836
2 0.582281 0.251990 0.021506 0.032086
2 0.569655 0.226571 0.018176 0.032086
2 0.558485 0.200215 0.021368 0.036045
2 0.550576 0.227196 0.021368 0.031669
2 0.538505 0.199590 0.017483 0.033544
2 0.531498 0.228654 0.020951 0.035003
2 0.511310 0.228446 0.019703 0.032086
2 0.489943 0.232821 0.023310 0.032503
2 0.466771 0.234384 0.022200 0.032294
2 0.443600 0.237301 0.022478 0.032294
2 0.426048 0.235218 0.021506 0.033961
2 0.403085 0.239905 0.023033 0.032503
2 0.381301 0.242718 0.022200 0.025210
2 0.359240 0.242718 0.023310 0.026461
2 0.340647 0.240947 0.020258 0.032919
2 0.320945 0.244072 0.023310 0.031669
2 0.298884 0.242718 0.021090 0.026461
2 0.279944 0.243031 0.021506 0.032086
2 0.262809 0.245843 0.017760 0.028961
2 0.244077 0.249385 0.025530 0.026461
2 0.222085 0.256469 0.021784 0.029377
2 0.310053 0.218758 0.019564 0.030211
2 0.328507 0.212611 0.022894 0.027502
2 0.349389 0.216987 0.026363 0.032503
2 0.369716 0.215424 0.020396 0.033128
2 0.389904 0.218758 0.023033 0.032711
2 0.412451 0.216466 0.024559 0.031878
2 0.437148 0.210215 0.023171 0.026461
2 0.456851 0.209695 0.021784 0.032919
2 0.478357 0.207090 0.021506 0.031878
2 0.500626 0.200527 0.021368 0.033753
2 0.519635 0.204382 0.021368 0.033128
